>TAAAAGGGGTGG	13-CCACCCCTTTTA	6.962257	-188.442084	0	T:16017.0(31.30%),B:13612.9(27.46%),P:1e-81
0.109	0.082	0.102	0.707
0.715	0.088	0.102	0.095
0.773	0.074	0.081	0.072
0.762	0.077	0.097	0.064
0.764	0.051	0.102	0.083
0.100	0.036	0.777	0.087
0.095	0.050	0.765	0.090
0.099	0.053	0.756	0.092
0.078	0.102	0.745	0.075
0.104	0.062	0.092	0.742
0.096	0.041	0.765	0.098
0.098	0.070	0.730	0.102
