>HMCACAYAYHYN	25-HMCACAYAYHYN	7.068390	-29.175677	0	T:2494.0(4.87%),B:2090.1(4.21%),P:1e-12
0.328	0.310	0.046	0.315
0.453	0.350	0.061	0.135
0.045	0.714	0.031	0.210
0.696	0.135	0.125	0.044
0.081	0.683	0.140	0.096
0.485	0.039	0.166	0.310
0.044	0.475	0.047	0.434
0.561	0.087	0.344	0.008
0.070	0.504	0.045	0.381
0.239	0.341	0.159	0.261
0.198	0.267	0.150	0.385
0.174	0.294	0.259	0.273
