>GAATGACACAGC	9-GAATGACACAGC	10.040288	-283.629059	0	T:1050.0(2.05%),B:446.9(0.90%),P:1e-123
0.108	0.077	0.761	0.054
0.723	0.098	0.073	0.106
0.803	0.080	0.074	0.043
0.019	0.012	0.085	0.884
0.037	0.021	0.891	0.051
0.880	0.061	0.019	0.040
0.068	0.826	0.039	0.067
0.825	0.045	0.040	0.090
0.070	0.768	0.094	0.068
0.875	0.020	0.028	0.077
0.034	0.028	0.859	0.079
0.036	0.903	0.041	0.020
