>AGATAAGCAGCC	7-AGATAAGCAGCC	7.266102	-293.622870	0	T:18167.0(35.50%),B:15137.9(30.53%),P:1e-127
0.754	0.001	0.062	0.183
0.225	0.106	0.665	0.004
0.449	0.140	0.167	0.244
0.283	0.172	0.049	0.496
0.840	0.090	0.042	0.028
0.925	0.001	0.073	0.001
0.333	0.060	0.568	0.039
0.036	0.962	0.001	0.001
0.867	0.001	0.001	0.131
0.049	0.157	0.793	0.001
0.138	0.493	0.191	0.178
0.186	0.597	0.001	0.216
