>ACACACCACACA	24-ACACACCACACA	8.663424	-43.356011	0	T:3488.0(6.82%),B:2907.9(5.86%),P:1e-18
0.778	0.087	0.060	0.075
0.036	0.735	0.065	0.164
0.838	0.080	0.015	0.067
0.099	0.692	0.033	0.176
0.607	0.266	0.074	0.053
0.287	0.544	0.050	0.119
0.296	0.559	0.024	0.121
0.601	0.314	0.031	0.054
0.081	0.753	0.060	0.106
0.820	0.051	0.018	0.111
0.001	0.776	0.089	0.134
0.746	0.144	0.039	0.071
