>AAACAGGAAGTG	3-AAACAGGAAGTG	7.820284	-689.256513	0	T:14390.0(28.12%),B:10508.2(21.19%),P:1e-299
0.483	0.085	0.200	0.232
0.527	0.074	0.329	0.070
0.532	0.097	0.215	0.156
0.072	0.661	0.179	0.088
0.823	0.050	0.049	0.078
0.021	0.001	0.975	0.003
0.084	0.053	0.850	0.013
0.881	0.066	0.048	0.005
0.894	0.001	0.036	0.069
0.145	0.224	0.611	0.020
0.038	0.123	0.055	0.784
0.168	0.097	0.499	0.236
