>NTTTAACGGCCH	10-NTTTAACGGCCH	5.174159	-228.492555	0	T:29328.0(57.31%),B:26099.8(52.64%),P:1e-99
0.218	0.240	0.204	0.338
0.101	0.124	0.109	0.666
0.096	0.116	0.108	0.680
0.119	0.120	0.114	0.647
0.627	0.145	0.114	0.114
0.661	0.114	0.124	0.101
0.192	0.499	0.170	0.139
0.186	0.090	0.535	0.189
0.113	0.107	0.661	0.119
0.110	0.665	0.112	0.113
0.129	0.667	0.068	0.136
0.249	0.246	0.151	0.354
