>CCACCCCTTTTA	13-CCACCCCTTTTA,BestGuess:PB0110.1_Bcl6b_2/Jaspar(0.695)	6.962257	-188.442084	0	T:16017.0(31.30%),B:13612.9(27.46%),P:1e-81
0.102	0.730	0.070	0.098
0.098	0.765	0.041	0.096
0.742	0.092	0.062	0.104
0.075	0.745	0.102	0.078
0.092	0.756	0.053	0.099
0.090	0.765	0.050	0.095
0.087	0.777	0.036	0.100
0.083	0.102	0.051	0.764
0.064	0.097	0.077	0.762
0.072	0.081	0.074	0.773
0.095	0.102	0.088	0.715
0.707	0.102	0.082	0.109
