>CCGTGCTGATAA	12-CCGTGCTGATAA	7.489424	-200.590084	0	T:7234.0(14.14%),B:5587.0(11.27%),P:1e-87
0.098	0.716	0.093	0.093
0.185	0.553	0.076	0.186
0.167	0.178	0.444	0.211
0.068	0.035	0.110	0.787
0.086	0.078	0.750	0.086
0.031	0.829	0.080	0.060
0.077	0.001	0.003	0.919
0.054	0.051	0.824	0.071
0.778	0.074	0.072	0.076
0.106	0.070	0.080	0.744
0.823	0.067	0.039	0.071
0.836	0.050	0.056	0.058
