>CCCCCCCCCMAA	11-CCCCCCCCCMAA	7.140714	-216.963790	0	T:24494.0(47.86%),B:21480.6(43.33%),P:1e-94
0.068	0.755	0.023	0.154
0.024	0.836	0.045	0.095
0.017	0.843	0.027	0.113
0.021	0.566	0.144	0.269
0.054	0.575	0.074	0.297
0.030	0.863	0.023	0.084
0.019	0.961	0.001	0.019
0.037	0.932	0.003	0.028
0.182	0.765	0.027	0.026
0.553	0.437	0.009	0.001
0.598	0.356	0.012	0.034
0.568	0.394	0.017	0.021
