>AAAAGGCTGCTT	11-AAAAGGCTGCTT	7.364546	-252.356940	0	T:16812.0(32.85%),B:14059.3(28.35%),P:1e-109
0.572	0.059	0.244	0.125
0.702	0.058	0.221	0.019
0.740	0.121	0.111	0.028
0.678	0.003	0.145	0.174
0.212	0.002	0.680	0.106
0.212	0.068	0.637	0.083
0.002	0.940	0.007	0.051
0.314	0.001	0.001	0.684
0.039	0.126	0.797	0.038
0.108	0.542	0.057	0.293
0.036	0.109	0.001	0.854
0.092	0.177	0.091	0.640
