>GTTTNGTGTGTG	21-GTTTNGTGTGTG,BestGuess:PB0130.1_Gm397_2/Jaspar(0.746)	9.610314	-86.038491	0	T:2441.0(4.77%),B:1812.5(3.66%),P:1e-37
0.074	0.116	0.791	0.019
0.021	0.012	0.001	0.966
0.031	0.034	0.323	0.612
0.020	0.091	0.076	0.813
0.284	0.266	0.275	0.175
0.152	0.027	0.630	0.191
0.035	0.049	0.041	0.875
0.001	0.034	0.921	0.044
0.041	0.001	0.001	0.957
0.001	0.063	0.843	0.093
0.078	0.001	0.021	0.900
0.001	0.012	0.986	0.001
