>CACACACNAAAC	21-GTTTNGTGTGTG	9.610314	-86.038491	0	T:2441.0(4.77%),B:1812.5(3.66%),P:1e-37
0.001	0.986	0.012	0.001
0.900	0.021	0.001	0.078
0.093	0.843	0.063	0.001
0.957	0.001	0.001	0.041
0.044	0.921	0.034	0.001
0.875	0.041	0.049	0.035
0.191	0.630	0.027	0.152
0.175	0.275	0.266	0.284
0.813	0.076	0.091	0.020
0.612	0.323	0.034	0.031
0.966	0.001	0.012	0.021
0.019	0.791	0.116	0.074
