>TTTGGCTCGCGC	1-TTTGGCTCGCGC	12.946781	-1222.918028	0	T:347.0(1.61%),B:6.0(0.02%),P:1e-531	Tpos:506.7,Tstd:218.1,Bpos:443.8,Bstd:201.2,StrandBias:0.2,Multiplicity:1.00
0.188	0.001	0.094	0.717
0.001	0.001	0.001	0.997
0.001	0.245	0.001	0.753
0.001	0.093	0.905	0.001
0.001	0.093	0.905	0.001
0.001	0.905	0.093	0.001
0.001	0.001	0.001	0.997
0.001	0.997	0.001	0.001
0.001	0.001	0.997	0.001
0.001	0.905	0.093	0.001
0.093	0.001	0.905	0.001
0.001	0.905	0.001	0.093
>ACTCGGAAAGGG	2-ACTCGGAAAGGG	14.473850	-1196.455574	0	T:401.0(1.87%),B:10.2(0.04%),P:1e-519	Tpos:504.6,Tstd:172.2,Bpos:459.2,Bstd:156.0,StrandBias:0.1,Multiplicity:1.03
0.997	0.001	0.001	0.001
0.001	0.997	0.001	0.001
0.001	0.001	0.001	0.997
0.001	0.997	0.001	0.001
0.119	0.001	0.879	0.001
0.001	0.001	0.997	0.001
0.997	0.001	0.001	0.001
0.997	0.001	0.001	0.001
0.997	0.001	0.001	0.001
0.001	0.001	0.997	0.001
0.001	0.001	0.997	0.001
0.001	0.001	0.997	0.001
>TGCGTCSSTCAC	3-TGCGTCSSTCAC	15.093302	-952.354445	0	T:409.0(1.90%),B:20.5(0.07%),P:1e-413	Tpos:511.0,Tstd:239.2,Bpos:528.1,Bstd:264.3,StrandBias:0.1,Multiplicity:1.54
0.001	0.001	0.001	0.997
0.001	0.001	0.997	0.001
0.001	0.997	0.001	0.001
0.001	0.001	0.997	0.001
0.001	0.001	0.001	0.997
0.001	0.997	0.001	0.001
0.001	0.510	0.471	0.018
0.001	0.468	0.530	0.001
0.001	0.001	0.001	0.997
0.001	0.997	0.001	0.001
0.997	0.001	0.001	0.001
0.001	0.997	0.001	0.001
>GYGAGGCAWTGC	4-GYGAGGCAWTGC	15.330039	-943.250144	0	T:394.0(1.83%),B:18.5(0.07%),P:1e-409	Tpos:507.7,Tstd:205.8,Bpos:525.6,Bstd:257.1,StrandBias:-0.2,Multiplicity:1.00
0.001	0.001	0.997	0.001
0.001	0.531	0.001	0.467
0.001	0.001	0.997	0.001
0.997	0.001	0.001	0.001
0.001	0.001	0.997	0.001
0.001	0.001	0.997	0.001
0.001	0.997	0.001	0.001
0.997	0.001	0.001	0.001
0.472	0.001	0.001	0.526
0.001	0.001	0.001	0.997
0.001	0.001	0.997	0.001
0.001	0.997	0.001	0.001
>GAATGGAATSGA	5-GAATGGAATSGA	13.853407	-930.960706	0	T:267.0(1.24%),B:4.8(0.02%),P:1e-404	Tpos:499.9,Tstd:269.6,Bpos:715.5,Bstd:203.1,StrandBias:1.0,Multiplicity:14.40
0.053	0.014	0.912	0.021
0.986	0.009	0.001	0.004
0.653	0.193	0.136	0.018
0.015	0.012	0.001	0.972
0.042	0.343	0.590	0.025
0.046	0.018	0.892	0.044
0.984	0.011	0.001	0.004
0.619	0.242	0.110	0.029
0.016	0.017	0.001	0.966
0.010	0.394	0.538	0.058
0.061	0.011	0.898	0.030
0.990	0.004	0.004	0.002
>ATCTGAGAATGC	6-ATCTGAGAATGC	12.089250	-875.084320	0	T:590.0(2.75%),B:71.1(0.26%),P:1e-380	Tpos:502.8,Tstd:291.3,Bpos:471.6,Bstd:253.9,StrandBias:0.7,Multiplicity:1.60
0.588	0.023	0.082	0.307
0.045	0.024	0.041	0.890
0.026	0.889	0.049	0.036
0.020	0.031	0.031	0.918
0.022	0.305	0.653	0.020
0.904	0.044	0.033	0.019
0.018	0.042	0.858	0.082
0.854	0.039	0.023	0.084
0.599	0.301	0.029	0.071
0.026	0.359	0.020	0.595
0.022	0.059	0.896	0.023
0.014	0.638	0.317	0.031
>AATGGAATGGAA	7-AATGGAATGGAA	12.344748	-779.272428	0	T:275.0(1.28%),B:8.4(0.03%),P:1e-338	Tpos:494.1,Tstd:300.2,Bpos:690.2,Bstd:262.1,StrandBias:0.7,Multiplicity:1.98
0.896	0.056	0.018	0.030
0.772	0.098	0.088	0.042
0.076	0.062	0.015	0.847
0.053	0.168	0.640	0.139
0.095	0.047	0.779	0.079
0.939	0.016	0.025	0.020
0.722	0.171	0.057	0.050
0.068	0.031	0.018	0.883
0.074	0.229	0.618	0.079
0.096	0.124	0.714	0.066
0.943	0.015	0.016	0.026
0.717	0.195	0.041	0.047
>ATSGAATGGAAT	8-ATSGAATGGAAT	14.128548	-752.721010	0	T:268.0(1.25%),B:8.9(0.03%),P:1e-326	Tpos:509.4,Tstd:293.3,Bpos:539.9,Bstd:226.0,StrandBias:0.3,Multiplicity:3.28
0.997	0.001	0.001	0.001
0.001	0.001	0.001	0.997
0.001	0.473	0.525	0.001
0.001	0.001	0.997	0.001
0.997	0.001	0.001	0.001
0.997	0.001	0.001	0.001
0.001	0.001	0.001	0.997
0.001	0.160	0.838	0.001
0.001	0.001	0.997	0.001
0.997	0.001	0.001	0.001
0.997	0.001	0.001	0.001
0.001	0.001	0.001	0.997
>TTTCCAACGAAA	9-TTTCCAACGAAA	11.816375	-665.595732	0	T:154.0(0.72%),B:1.9(0.01%),P:1e-289	Tpos:494.7,Tstd:286.6,Bpos:628.3,Bstd:82.6,StrandBias:0.7,Multiplicity:1.79
0.001	0.094	0.001	0.904
0.001	0.087	0.135	0.777
0.001	0.065	0.001	0.933
0.046	0.695	0.233	0.026
0.086	0.794	0.039	0.081
0.763	0.083	0.007	0.147
0.495	0.238	0.267	0.001
0.001	0.997	0.001	0.001
0.001	0.001	0.997	0.001
0.606	0.374	0.019	0.001
0.788	0.001	0.192	0.019
0.628	0.075	0.038	0.259
>AAACACTCTTTT	10-AAACACTCTTTT	10.311835	-662.016914	0	T:192.0(0.89%),B:3.9(0.01%),P:1e-287	Tpos:488.9,Tstd:277.6,Bpos:789.4,Bstd:236.5,StrandBias:-0.4,Multiplicity:2.21
0.997	0.001	0.001	0.001
0.997	0.001	0.001	0.001
0.997	0.001	0.001	0.001
0.001	0.997	0.001	0.001
0.997	0.001	0.001	0.001
0.001	0.997	0.001	0.001
0.001	0.003	0.001	0.995
0.001	0.997	0.001	0.001
0.001	0.001	0.382	0.616
0.001	0.001	0.001	0.997
0.001	0.001	0.001	0.997
0.001	0.001	0.001	0.997
>TCGAATGGAATG	11-TCGAATGGAATG	10.261293	-610.370406	0	T:280.0(1.30%),B:16.7(0.06%),P:1e-265	Tpos:518.9,Tstd:287.1,Bpos:438.3,Bstd:313.2,StrandBias:0.5,Multiplicity:2.32
0.103	0.075	0.100	0.722
0.105	0.482	0.254	0.159
0.148	0.142	0.576	0.134
0.742	0.066	0.127	0.065
0.630	0.142	0.121	0.107
0.089	0.098	0.069	0.744
0.088	0.126	0.652	0.134
0.146	0.100	0.661	0.093
0.799	0.058	0.088	0.055
0.668	0.121	0.129	0.082
0.137	0.055	0.067	0.741
0.105	0.212	0.582	0.101
>TCCSTGACCCCT	12-TCCSTGACCCCT	13.976006	-546.403501	0	T:506.0(2.35%),B:96.3(0.35%),P:1e-237	Tpos:501.4,Tstd:264.1,Bpos:539.8,Bstd:267.1,StrandBias:0.1,Multiplicity:1.65
0.037	0.017	0.002	0.944
0.024	0.940	0.002	0.034
0.130	0.839	0.029	0.002
0.109	0.371	0.490	0.029
0.010	0.031	0.024	0.935
0.032	0.162	0.764	0.042
0.823	0.143	0.027	0.007
0.039	0.898	0.041	0.022
0.027	0.626	0.032	0.315
0.005	0.935	0.046	0.014
0.020	0.876	0.057	0.047
0.052	0.005	0.007	0.936
>TTCGGGAGGGAG	13-TTCGGGAGGGAG	12.668731	-538.879522	0	T:749.0(3.49%),B:221.6(0.80%),P:1e-234	Tpos:491.9,Tstd:250.6,Bpos:505.4,Bstd:299.3,StrandBias:0.2,Multiplicity:3.06
0.082	0.040	0.158	0.720
0.035	0.167	0.048	0.750
0.098	0.672	0.115	0.115
0.015	0.042	0.911	0.032
0.028	0.067	0.884	0.021
0.031	0.051	0.911	0.007
0.813	0.026	0.016	0.145
0.034	0.026	0.898	0.042
0.020	0.071	0.876	0.033
0.028	0.045	0.914	0.013
0.796	0.020	0.139	0.045
0.087	0.028	0.857	0.028
>GAATGGAATGGA	14-GAATGGAATGGA	12.035014	-531.413473	0	T:282.0(1.31%),B:22.1(0.08%),P:1e-230	Tpos:513.9,Tstd:286.1,Bpos:502.6,Bstd:267.8,StrandBias:1.1,Multiplicity:3.24
0.085	0.047	0.765	0.103
0.912	0.061	0.013	0.014
0.641	0.103	0.214	0.042
0.042	0.030	0.009	0.919
0.062	0.134	0.678	0.126
0.056	0.049	0.840	0.055
0.966	0.008	0.009	0.017
0.598	0.165	0.185	0.052
0.042	0.026	0.010	0.922
0.068	0.220	0.629	0.083
0.088	0.118	0.728	0.066
0.947	0.022	0.015	0.016
>GGCCTGCCGACC	15-GGCCTGCCGACC	12.495586	-470.301838	0	T:895.0(4.17%),B:343.1(1.24%),P:1e-204	Tpos:491.0,Tstd:264.4,Bpos:481.3,Bstd:297.7,StrandBias:0.2,Multiplicity:3.60
0.086	0.001	0.912	0.001
0.001	0.001	0.997	0.001
0.015	0.983	0.001	0.001
0.001	0.961	0.001	0.037
0.386	0.007	0.001	0.606
0.007	0.001	0.943	0.049
0.001	0.933	0.001	0.065
0.001	0.612	0.156	0.231
0.153	0.001	0.559	0.287
0.457	0.233	0.263	0.047
0.001	0.997	0.001	0.001
0.007	0.815	0.007	0.171
>MTCGAATGGAAT	16-MTCGAATGGAAT	9.303908	-352.979479	0	T:1211.0(5.64%),B:666.4(2.41%),P:1e-153	Tpos:505.0,Tstd:291.4,Bpos:479.0,Bstd:318.1,StrandBias:0.5,Multiplicity:2.36
0.421	0.437	0.076	0.066
0.046	0.052	0.022	0.880
0.090	0.453	0.300	0.158
0.262	0.055	0.616	0.067
0.769	0.024	0.174	0.033
0.856	0.033	0.073	0.038
0.070	0.035	0.039	0.856
0.059	0.021	0.889	0.031
0.047	0.090	0.814	0.049
0.900	0.033	0.039	0.028
0.807	0.083	0.061	0.049
0.214	0.035	0.027	0.724
>CGCACTGATCAC	17-CGCACTGATCAC	12.231619	-337.226114	0	T:89.0(0.41%),B:1.1(0.00%),P:1e-146	Tpos:499.2,Tstd:281.3,Bpos:602.9,Bstd:168.5,StrandBias:-0.1,Multiplicity:5.78
0.001	0.847	0.001	0.151
0.001	0.093	0.905	0.001
0.001	0.997	0.001	0.001
0.733	0.094	0.172	0.001
0.001	0.997	0.001	0.001
0.001	0.122	0.001	0.876
0.093	0.001	0.905	0.001
0.997	0.001	0.001	0.001
0.001	0.001	0.001	0.997
0.094	0.811	0.001	0.094
0.905	0.001	0.001	0.093
0.001	0.905	0.093	0.001
>TGGAATGGAATG	18-TGGAATGGAATG	11.453879	-277.543099	0	T:299.0(1.39%),B:68.7(0.25%),P:1e-120	Tpos:496.0,Tstd:282.8,Bpos:472.1,Bstd:306.6,StrandBias:0.6,Multiplicity:2.44
0.094	0.006	0.001	0.899
0.096	0.206	0.638	0.060
0.157	0.065	0.705	0.073
0.993	0.001	0.002	0.004
0.727	0.171	0.072	0.030
0.073	0.008	0.007	0.912
0.061	0.237	0.601	0.101
0.119	0.029	0.769	0.083
0.983	0.001	0.013	0.003
0.717	0.157	0.065	0.061
0.058	0.005	0.001	0.936
0.055	0.190	0.682	0.073
>TTCCATTCSATT	19-TTCCATTCSATT	11.179145	-209.310276	0	T:322.0(1.50%),B:105.0(0.38%),P:1e-90	Tpos:506.1,Tstd:295.2,Bpos:466.3,Bstd:282.2,StrandBias:-0.7,Multiplicity:3.02
0.053	0.036	0.080	0.831
0.014	0.019	0.022	0.945
0.059	0.752	0.070	0.119
0.088	0.529	0.297	0.086
0.839	0.025	0.041	0.095
0.068	0.036	0.140	0.756
0.028	0.016	0.022	0.934
0.056	0.784	0.086	0.074
0.096	0.479	0.339	0.086
0.879	0.029	0.044	0.048
0.063	0.030	0.130	0.777
0.028	0.015	0.092	0.865
>GTGGAGTGGAGT	20-GTGGAGTGGAGT	11.056640	-142.406639	0	T:119.0(0.55%),B:21.0(0.08%),P:1e-61	Tpos:456.0,Tstd:270.0,Bpos:512.4,Bstd:250.8,StrandBias:2.3,Multiplicity:3.74
0.001	0.001	0.997	0.001
0.061	0.001	0.001	0.937
0.001	0.001	0.997	0.001
0.064	0.001	0.917	0.018
0.997	0.001	0.001	0.001
0.020	0.001	0.944	0.035
0.001	0.001	0.001	0.997
0.001	0.002	0.996	0.001
0.001	0.001	0.997	0.001
0.993	0.005	0.001	0.001
0.046	0.001	0.952	0.001
0.001	0.001	0.001	0.997
>GGGSGGCTGACC	21-GGGSGGCTGACC	11.600512	-122.082308	0	T:315.0(1.47%),B:149.0(0.54%),P:1e-53	Tpos:486.2,Tstd:281.2,Bpos:495.1,Bstd:299.2,StrandBias:-0.2,Multiplicity:4.59
0.150	0.068	0.694	0.088
0.100	0.067	0.756	0.077
0.181	0.113	0.636	0.070
0.029	0.307	0.453	0.211
0.151	0.113	0.618	0.118
0.058	0.123	0.747	0.072
0.045	0.800	0.086	0.069
0.074	0.144	0.054	0.728
0.005	0.038	0.862	0.095
0.539	0.030	0.272	0.159
0.092	0.591	0.075	0.242
0.138	0.583	0.094	0.185
>CTAACCCTAACC	22-CTAACCCTAACC	3.407505	-57.274437	0	T:5359.0(24.94%),B:6084.8(21.96%),P:1e-24	Tpos:497.8,Tstd:258.8,Bpos:508.8,Bstd:308.9,StrandBias:-0.0,Multiplicity:1.83
0.006	0.949	0.003	0.042
0.019	0.059	0.018	0.904
0.968	0.020	0.011	0.001
0.977	0.009	0.011	0.003
0.007	0.950	0.015	0.028
0.006	0.989	0.003	0.002
0.018	0.979	0.002	0.001
0.009	0.021	0.014	0.956
0.962	0.021	0.013	0.004
0.938	0.040	0.021	0.001
0.011	0.960	0.004	0.025
0.012	0.982	0.001	0.005
>ACACMCCACACA	23-ACACMCCACACA	10.483568	-47.688973	0	T:659.0(3.07%),B:577.8(2.09%),P:1e-20	Tpos:508.3,Tstd:248.7,Bpos:482.1,Bstd:284.5,StrandBias:0.3,Multiplicity:4.33
0.812	0.157	0.001	0.030
0.001	0.840	0.068	0.091
0.875	0.075	0.049	0.001
0.089	0.805	0.059	0.047
0.513	0.420	0.045	0.022
0.310	0.546	0.078	0.066
0.276	0.678	0.020	0.026
0.597	0.289	0.007	0.107
0.020	0.897	0.005	0.078
0.862	0.104	0.006	0.028
0.034	0.873	0.014	0.079
0.827	0.102	0.013	0.058
>GSCMAGCCAGCC	24-GSCMAGCCAGCC	11.845157	-39.954605	0	T:243.0(1.13%),B:171.8(0.62%),P:1e-17	Tpos:469.3,Tstd:281.5,Bpos:516.4,Bstd:281.2,StrandBias:-0.7,Multiplicity:2.46
0.306	0.012	0.681	0.001
0.001	0.469	0.529	0.001
0.001	0.926	0.010	0.063
0.477	0.456	0.066	0.001
0.671	0.001	0.239	0.089
0.038	0.001	0.834	0.127
0.108	0.747	0.089	0.056
0.036	0.826	0.034	0.104
0.698	0.001	0.239	0.062
0.177	0.296	0.491	0.035
0.055	0.791	0.091	0.063
0.001	0.968	0.030	0.001
>ACCACCACCACC	25-ACCACCACCACC	10.205545	-37.414458	0	T:507.0(2.36%),B:443.5(1.60%),P:1e-16	Tpos:497.2,Tstd:259.3,Bpos:477.6,Bstd:313.6,StrandBias:0.2,Multiplicity:2.05
0.991	0.001	0.001	0.007
0.004	0.884	0.001	0.111
0.001	0.966	0.003	0.030
0.984	0.001	0.001	0.014
0.002	0.861	0.001	0.136
0.004	0.975	0.001	0.020
0.997	0.001	0.001	0.001
0.002	0.857	0.001	0.140
0.002	0.989	0.001	0.008
0.997	0.001	0.001	0.001
0.005	0.857	0.001	0.137
0.008	0.986	0.001	0.005
