>TATTCGGGTG	1-TATTCGGGTG	10.296193	-1041.733517	0	T:423.0(1.97%),B:18.7(0.07%),P:1e-452	Tpos:500.7,Tstd:129.0,Bpos:606.6,Bstd:242.3,StrandBias:0.2,Multiplicity:1.00
0.100	0.100	0.100	0.700
0.700	0.100	0.100	0.100
0.100	0.100	0.100	0.700
0.100	0.100	0.100	0.700
0.100	0.700	0.100	0.100
0.100	0.100	0.700	0.100
0.100	0.100	0.700	0.100
0.100	0.100	0.700	0.100
0.100	0.100	0.100	0.700
0.100	0.100	0.700	0.100
>TATAGTCTCG	2-TATAGTCTCG	7.620290	-1001.176405	0	T:297.0(1.38%),B:5.2(0.02%),P:1e-434	Tpos:503.3,Tstd:111.4,Bpos:556.4,Bstd:305.1,StrandBias:0.0,Multiplicity:1.00
0.001	0.001	0.001	0.997
0.997	0.001	0.001	0.001
0.001	0.001	0.001	0.997
0.997	0.001	0.001	0.001
0.001	0.002	0.996	0.001
0.001	0.001	0.001	0.997
0.001	0.996	0.002	0.001
0.001	0.001	0.001	0.997
0.001	0.997	0.001	0.001
0.001	0.001	0.997	0.001
>TAAGCCGGTC	3-TAAGCCGGTC	8.062145	-955.748030	0	T:339.0(1.58%),B:10.7(0.04%),P:1e-415	Tpos:502.7,Tstd:119.7,Bpos:467.0,Bstd:264.5,StrandBias:0.1,Multiplicity:1.00
0.105	0.147	0.043	0.705
0.532	0.171	0.279	0.018
0.431	0.272	0.138	0.160
0.116	0.083	0.658	0.143
0.188	0.464	0.205	0.143
0.031	0.922	0.008	0.039
0.003	0.285	0.575	0.137
0.107	0.175	0.624	0.094
0.069	0.208	0.194	0.529
0.103	0.555	0.071	0.271
>CGAATGGAAT	4-CGAATGGAAT	13.658243	-931.388681	0	T:251.0(1.17%),B:3.5(0.01%),P:1e-404	Tpos:523.3,Tstd:288.0,Bpos:463.0,Bstd:0.0,StrandBias:0.2,Multiplicity:2.43
0.001	0.844	0.154	0.001
0.001	0.001	0.997	0.001
0.997	0.001	0.001	0.001
0.997	0.001	0.001	0.001
0.001	0.001	0.001	0.997
0.001	0.009	0.989	0.001
0.001	0.001	0.997	0.001
0.997	0.001	0.001	0.001
0.997	0.001	0.001	0.001
0.001	0.001	0.001	0.997
>CCTATTCGGC	5-CCTATTCGGC	10.296193	-889.398418	0	T:401.0(1.87%),B:22.8(0.08%),P:1e-386	Tpos:513.5,Tstd:334.9,Bpos:499.6,Bstd:211.2,StrandBias:0.1,Multiplicity:1.00
0.100	0.700	0.100	0.100
0.100	0.700	0.100	0.100
0.100	0.100	0.100	0.700
0.700	0.100	0.100	0.100
0.100	0.100	0.100	0.700
0.100	0.100	0.100	0.700
0.100	0.700	0.100	0.100
0.100	0.100	0.700	0.100
0.100	0.100	0.700	0.100
0.100	0.700	0.100	0.100
>TTTGACTCGG	6-TTTGACTCGG	13.768693	-878.223428	0	T:362.0(1.68%),B:16.2(0.06%),P:1e-381	Tpos:506.9,Tstd:166.1,Bpos:535.8,Bstd:245.0,StrandBias:0.3,Multiplicity:1.00
0.001	0.001	0.001	0.997
0.063	0.001	0.001	0.935
0.001	0.001	0.001	0.997
0.001	0.001	0.997	0.001
0.997	0.001	0.001	0.001
0.001	0.997	0.001	0.001
0.001	0.001	0.001	0.997
0.001	0.997	0.001	0.001
0.001	0.001	0.997	0.001
0.001	0.001	0.997	0.001
>GTCCGTCACC	7-GTCCGTCACC	10.296193	-867.621479	0	T:383.0(1.78%),B:20.3(0.07%),P:1e-376	Tpos:503.3,Tstd:167.9,Bpos:532.7,Bstd:318.0,StrandBias:0.0,Multiplicity:1.00
0.100	0.100	0.700	0.100
0.100	0.100	0.100	0.700
0.100	0.700	0.100	0.100
0.100	0.700	0.100	0.100
0.100	0.100	0.700	0.100
0.100	0.100	0.100	0.700
0.100	0.700	0.100	0.100
0.700	0.100	0.100	0.100
0.100	0.700	0.100	0.100
0.100	0.700	0.100	0.100
>TCCATTCGAT	8-TCCATTCGAT	12.966228	-519.780428	0	T:211.0(0.98%),B:9.2(0.03%),P:1e-225	Tpos:528.0,Tstd:292.5,Bpos:165.3,Bstd:147.9,StrandBias:-0.2,Multiplicity:4.51
0.001	0.001	0.001	0.997
0.001	0.997	0.001	0.001
0.001	0.647	0.351	0.001
0.997	0.001	0.001	0.001
0.018	0.001	0.001	0.980
0.001	0.001	0.001	0.997
0.001	0.997	0.001	0.001
0.001	0.341	0.657	0.001
0.997	0.001	0.001	0.001
0.001	0.001	0.001	0.997
>ATCCAACGAA	9-ATCCAACGAA	7.705417	-472.213566	0	T:176.0(0.82%),B:6.1(0.02%),P:1e-205	Tpos:491.1,Tstd:286.9,Bpos:397.6,Bstd:163.6,StrandBias:0.5,Multiplicity:1.81
0.757	0.001	0.001	0.241
0.001	0.001	0.001	0.997
0.001	0.997	0.001	0.001
0.001	0.989	0.009	0.001
0.997	0.001	0.001	0.001
0.997	0.001	0.001	0.001
0.001	0.997	0.001	0.001
0.001	0.001	0.997	0.001
0.997	0.001	0.001	0.001
0.997	0.001	0.001	0.001
>ATGGAATGGA	10-ATGGAATGGA	13.630947	-331.059286	0	T:299.0(1.39%),B:55.8(0.20%),P:1e-143	Tpos:498.5,Tstd:272.6,Bpos:563.3,Bstd:286.2,StrandBias:0.9,Multiplicity:27.52
0.997	0.001	0.001	0.001
0.001	0.001	0.001	0.997
0.001	0.118	0.880	0.001
0.001	0.001	0.997	0.001
0.997	0.001	0.001	0.001
0.997	0.001	0.001	0.001
0.001	0.001	0.001	0.997
0.001	0.075	0.923	0.001
0.001	0.001	0.997	0.001
0.997	0.001	0.001	0.001
>TGTGTGGTGT	11-TGTGTGGTGT	11.910993	-295.827071	0	T:640.0(2.98%),B:268.3(0.97%),P:1e-128	Tpos:498.6,Tstd:282.0,Bpos:477.6,Bstd:289.6,StrandBias:-0.2,Multiplicity:2.95
0.001	0.001	0.027	0.971
0.009	0.001	0.989	0.001
0.001	0.002	0.001	0.996
0.035	0.005	0.959	0.001
0.193	0.005	0.101	0.701
0.027	0.005	0.950	0.018
0.001	0.024	0.935	0.040
0.001	0.024	0.047	0.928
0.012	0.001	0.976	0.011
0.001	0.001	0.001	0.997
>AATGGAATGG	12-AATGGAATGG	10.996601	-275.383999	0	T:308.0(1.43%),B:73.4(0.26%),P:1e-119	Tpos:507.9,Tstd:284.3,Bpos:513.1,Bstd:313.0,StrandBias:0.9,Multiplicity:2.27
0.968	0.028	0.001	0.003
0.658	0.165	0.169	0.008
0.003	0.036	0.001	0.960
0.044	0.316	0.601	0.039
0.044	0.014	0.923	0.019
0.966	0.008	0.019	0.007
0.596	0.201	0.173	0.030
0.045	0.040	0.001	0.914
0.022	0.380	0.573	0.025
0.134	0.017	0.839	0.010
>GAATGGAATG	13-GAATGGAATG	11.278237	-273.941569	0	T:299.0(1.39%),B:69.7(0.25%),P:1e-118	Tpos:511.7,Tstd:285.0,Bpos:441.5,Bstd:336.2,StrandBias:0.7,Multiplicity:2.06
0.043	0.007	0.909	0.041
0.992	0.001	0.001	0.006
0.460	0.254	0.256	0.031
0.004	0.037	0.001	0.958
0.081	0.294	0.489	0.137
0.037	0.043	0.890	0.030
0.994	0.001	0.001	0.004
0.655	0.131	0.190	0.024
0.027	0.043	0.001	0.929
0.035	0.213	0.721	0.031
>AACACTCTTT	14-AACACTCTTT	10.296193	-251.349392	0	T:239.0(1.11%),B:47.7(0.17%),P:1e-109	Tpos:495.9,Tstd:278.4,Bpos:534.5,Bstd:323.9,StrandBias:-0.7,Multiplicity:2.43
0.700	0.100	0.100	0.100
0.700	0.100	0.100	0.100
0.100	0.700	0.100	0.100
0.700	0.100	0.100	0.100
0.100	0.700	0.100	0.100
0.100	0.100	0.100	0.700
0.100	0.700	0.100	0.100
0.100	0.100	0.100	0.700
0.100	0.100	0.100	0.700
0.100	0.100	0.100	0.700
>SGAATGGAAT	15-SGAATGGAAT	11.422915	-243.635035	0	T:321.0(1.49%),B:90.3(0.33%),P:1e-105	Tpos:519.0,Tstd:293.9,Bpos:464.3,Bstd:310.1,StrandBias:0.8,Multiplicity:1.60
0.024	0.403	0.490	0.082
0.090	0.036	0.831	0.043
0.986	0.003	0.002	0.009
0.646	0.117	0.200	0.037
0.033	0.044	0.016	0.907
0.059	0.208	0.688	0.045
0.076	0.053	0.831	0.040
0.980	0.011	0.001	0.008
0.708	0.092	0.180	0.020
0.034	0.031	0.001	0.934
>ATGGAATSGA	16-ATGGAATSGA	9.380095	-223.288399	0	T:342.0(1.59%),B:110.6(0.40%),P:1e-96	Tpos:487.4,Tstd:295.5,Bpos:484.7,Bstd:301.7,StrandBias:0.3,Multiplicity:1.95
0.679	0.057	0.250	0.014
0.037	0.194	0.001	0.768
0.108	0.134	0.525	0.233
0.061	0.099	0.712	0.128
0.976	0.001	0.022	0.001
0.642	0.213	0.111	0.034
0.095	0.168	0.001	0.736
0.029	0.385	0.519	0.067
0.177	0.144	0.656	0.023
0.832	0.001	0.001	0.166
>ATTCGATTCG	17-ATTCGATTCG	7.483856	-204.232790	0	T:614.0(2.86%),B:314.7(1.14%),P:1e-88	Tpos:506.4,Tstd:284.1,Bpos:495.8,Bstd:329.7,StrandBias:-0.4,Multiplicity:1.73
0.659	0.150	0.051	0.140
0.104	0.060	0.097	0.739
0.034	0.115	0.033	0.818
0.057	0.690	0.116	0.137
0.080	0.197	0.596	0.127
0.727	0.034	0.165	0.074
0.069	0.244	0.151	0.536
0.051	0.043	0.049	0.857
0.073	0.727	0.138	0.062
0.106	0.177	0.650	0.067
>AGAATGCTTC	18-AGAATGCTTC	10.296193	-187.937622	0	T:202.0(0.94%),B:46.5(0.17%),P:1e-81	Tpos:499.5,Tstd:280.9,Bpos:561.3,Bstd:285.0,StrandBias:1.6,Multiplicity:3.36
0.700	0.100	0.100	0.100
0.100	0.100	0.700	0.100
0.700	0.100	0.100	0.100
0.700	0.100	0.100	0.100
0.100	0.100	0.100	0.700
0.100	0.100	0.700	0.100
0.100	0.700	0.100	0.100
0.100	0.100	0.100	0.700
0.100	0.100	0.100	0.700
0.100	0.700	0.100	0.100
>TCSATTCSAT	19-TCSATTCSAT	8.498855	-161.076775	0	T:401.0(1.87%),B:184.9(0.67%),P:1e-69	Tpos:521.5,Tstd:286.1,Bpos:501.6,Bstd:298.4,StrandBias:-0.8,Multiplicity:1.63
0.060	0.042	0.030	0.868
0.075	0.720	0.114	0.091
0.046	0.429	0.456	0.068
0.811	0.025	0.078	0.086
0.122	0.155	0.106	0.617
0.038	0.045	0.024	0.893
0.075	0.720	0.117	0.088
0.053	0.413	0.488	0.046
0.837	0.031	0.066	0.066
0.178	0.096	0.138	0.588
>AATGGAATGG	20-AATGGAATGG	10.741913	-154.738945	0	T:455.0(2.12%),B:230.1(0.83%),P:1e-67	Tpos:501.7,Tstd:284.2,Bpos:492.3,Bstd:295.8,StrandBias:0.8,Multiplicity:2.65
0.990	0.008	0.001	0.001
0.855	0.014	0.130	0.001
0.053	0.057	0.001	0.889
0.104	0.032	0.761	0.103
0.038	0.001	0.892	0.069
0.997	0.001	0.001	0.001
0.864	0.001	0.134	0.001
0.053	0.035	0.001	0.911
0.105	0.001	0.820	0.074
0.016	0.001	0.982	0.001
>TGCACTGATC	21-TGCACTGATC	10.296193	-103.732760	0	T:97.0(0.45%),B:19.2(0.07%),P:1e-45	Tpos:497.0,Tstd:286.0,Bpos:501.5,Bstd:247.3,StrandBias:-0.2,Multiplicity:6.62
0.100	0.100	0.100	0.700
0.100	0.100	0.700	0.100
0.100	0.700	0.100	0.100
0.700	0.100	0.100	0.100
0.100	0.700	0.100	0.100
0.100	0.100	0.100	0.700
0.100	0.100	0.700	0.100
0.700	0.100	0.100	0.100
0.100	0.100	0.100	0.700
0.100	0.700	0.100	0.100
>AACCCTAACC	22-AACCCTAACC	4.438962	-89.019488	0	T:6151.0(28.63%),B:6847.8(24.71%),P:1e-38	Tpos:496.2,Tstd:265.0,Bpos:504.8,Bstd:316.4,StrandBias:-0.0,Multiplicity:1.74
0.945	0.019	0.014	0.022
0.879	0.113	0.001	0.007
0.009	0.983	0.007	0.001
0.009	0.987	0.003	0.001
0.007	0.989	0.003	0.001
0.001	0.045	0.069	0.885
0.986	0.012	0.001	0.001
0.967	0.017	0.015	0.001
0.017	0.976	0.001	0.006
0.001	0.996	0.002	0.001
>TCCCGGACGG	23-TCCCGGACGG	12.746773	-76.846364	0	T:359.0(1.67%),B:227.0(0.82%),P:1e-33	Tpos:496.3,Tstd:277.6,Bpos:484.3,Bstd:301.2,StrandBias:-0.2,Multiplicity:6.19
0.001	0.001	0.001	0.997
0.001	0.997	0.001	0.001
0.001	0.997	0.001	0.001
0.001	0.610	0.388	0.001
0.001	0.001	0.997	0.001
0.001	0.001	0.997	0.001
0.997	0.001	0.001	0.001
0.001	0.550	0.389	0.060
0.001	0.001	0.997	0.001
0.001	0.001	0.997	0.001
>GGCYRGCCGS	24-GGCYRGCCGS	12.048400	-71.176022	0	T:439.0(2.04%),B:308.8(1.11%),P:1e-30	Tpos:494.6,Tstd:275.5,Bpos:489.0,Bstd:301.2,StrandBias:0.2,Multiplicity:6.35
0.001	0.001	0.997	0.001
0.001	0.001	0.997	0.001
0.001	0.997	0.001	0.001
0.001	0.550	0.001	0.448
0.550	0.001	0.448	0.001
0.001	0.001	0.997	0.001
0.001	0.997	0.001	0.001
0.001	0.997	0.001	0.001
0.001	0.001	0.997	0.001
0.001	0.550	0.448	0.001
>ACCACCATCA	25-ACCACCATCA	12.106771	-23.715395	0	T:510.0(2.37%),B:488.7(1.76%),P:1e-10	Tpos:499.9,Tstd:267.7,Bpos:488.6,Bstd:311.7,StrandBias:0.2,Multiplicity:2.41
0.997	0.001	0.001	0.001
0.001	0.771	0.001	0.227
0.001	0.997	0.001	0.001
0.997	0.001	0.001	0.001
0.001	0.640	0.001	0.358
0.001	0.997	0.001	0.001
0.997	0.001	0.001	0.001
0.001	0.359	0.001	0.639
0.001	0.997	0.001	0.001
0.997	0.001	0.001	0.001
