>TGCTCAGCACAG	1-TGCTCAGCACAG	7.411613	-422.736845	0	T:37480.0(41.69%),B:33428.6(37.00%),P:1e-183	Tpos:501.1,Tstd:277.3,Bpos:499.3,Bstd:306.3,StrandBias:0.0,Multiplicity:1.38
0.231	0.008	0.094	0.667
0.047	0.131	0.806	0.016
0.184	0.675	0.102	0.039
0.309	0.119	0.009	0.563
0.096	0.689	0.112	0.103
0.673	0.002	0.001	0.324
0.037	0.010	0.925	0.028
0.103	0.608	0.157	0.132
0.614	0.210	0.043	0.133
0.034	0.839	0.115	0.012
0.707	0.035	0.028	0.230
0.023	0.113	0.757	0.107
>CGTTTCGAACGA	2-CGTTTCGAACGA	10.683938	-407.225159	0	T:109.0(0.12%),B:1.7(0.00%),P:1e-176	Tpos:501.4,Tstd:272.0,Bpos:715.8,Bstd:91.0,StrandBias:1.2,Multiplicity:1.93
0.089	0.725	0.096	0.090
0.102	0.097	0.720	0.081
0.058	0.073	0.048	0.821
0.054	0.067	0.074	0.805
0.060	0.056	0.080	0.804
0.080	0.778	0.078	0.064
0.171	0.058	0.695	0.076
0.780	0.071	0.077	0.072
0.711	0.074	0.150	0.065
0.091	0.723	0.091	0.095
0.081	0.100	0.747	0.072
0.694	0.160	0.088	0.058
>GGCCTCAAAGCG	3-GGCCTCAAAGCG	11.962765	-278.675602	0	T:106.0(0.12%),B:3.5(0.00%),P:1e-121	Tpos:515.7,Tstd:288.0,Bpos:611.7,Bstd:125.1,StrandBias:2.3,Multiplicity:1.62
0.001	0.001	0.992	0.006
0.001	0.001	0.997	0.001
0.001	0.997	0.001	0.001
0.001	0.997	0.001	0.001
0.001	0.001	0.001	0.997
0.001	0.605	0.393	0.001
0.997	0.001	0.001	0.001
0.997	0.001	0.001	0.001
0.982	0.001	0.001	0.016
0.001	0.001	0.997	0.001
0.001	0.997	0.001	0.001
0.001	0.001	0.997	0.001
>TGAGAATGCTTC	4-TGAGAATGCTTC	12.355432	-225.043039	0	T:123.0(0.14%),B:8.1(0.01%),P:1e-97	Tpos:493.1,Tstd:277.1,Bpos:434.1,Bstd:222.3,StrandBias:2.7,Multiplicity:3.18
0.100	0.100	0.100	0.700
0.100	0.100	0.700	0.100
0.700	0.100	0.100	0.100
0.100	0.100	0.700	0.100
0.700	0.100	0.100	0.100
0.700	0.100	0.100	0.100
0.100	0.100	0.100	0.700
0.100	0.100	0.700	0.100
0.100	0.700	0.100	0.100
0.100	0.100	0.100	0.700
0.100	0.100	0.100	0.700
0.100	0.700	0.100	0.100
>GAAACACTCTTT	5-GAAACACTCTTT	13.720078	-166.227338	0	T:145.0(0.16%),B:20.4(0.02%),P:1e-72	Tpos:506.7,Tstd:282.5,Bpos:335.4,Bstd:286.8,StrandBias:-1.5,Multiplicity:2.23
0.001	0.001	0.997	0.001
0.997	0.001	0.001	0.001
0.997	0.001	0.001	0.001
0.997	0.001	0.001	0.001
0.001	0.997	0.001	0.001
0.942	0.001	0.056	0.001
0.001	0.997	0.001	0.001
0.001	0.001	0.001	0.997
0.001	0.997	0.001	0.001
0.001	0.001	0.001	0.997
0.001	0.001	0.001	0.997
0.001	0.001	0.001	0.997
>CCAAATATCCAC	6-CCAAATATCCAC	16.300766	-165.102019	0	T:109.0(0.12%),B:10.4(0.01%),P:1e-71	Tpos:502.6,Tstd:285.5,Bpos:495.4,Bstd:300.7,StrandBias:1.2,Multiplicity:1.60
0.001	0.997	0.001	0.001
0.001	0.997	0.001	0.001
0.950	0.001	0.048	0.001
0.997	0.001	0.001	0.001
0.997	0.001	0.001	0.001
0.001	0.001	0.001	0.997
0.784	0.001	0.214	0.001
0.001	0.001	0.001	0.997
0.001	0.997	0.001	0.001
0.001	0.997	0.001	0.001
0.987	0.001	0.011	0.001
0.001	0.997	0.001	0.001
>AGATATTTCCTT	7-AGATATTTCCTT	13.408299	-144.741879	0	T:134.0(0.15%),B:20.8(0.02%),P:1e-62	Tpos:496.2,Tstd:284.7,Bpos:470.1,Bstd:295.3,StrandBias:1.3,Multiplicity:1.76
0.997	0.001	0.001	0.001
0.001	0.001	0.997	0.001
0.997	0.001	0.001	0.001
0.001	0.001	0.001	0.997
0.997	0.001	0.001	0.001
0.001	0.001	0.001	0.997
0.041	0.001	0.001	0.957
0.001	0.001	0.001	0.997
0.001	0.997	0.001	0.001
0.001	0.997	0.001	0.001
0.001	0.001	0.001	0.997
0.001	0.001	0.001	0.997
>TGCAGATTCTAC	8-TGCAGATTCTAC	16.289602	-136.740939	0	T:93.0(0.10%),B:9.5(0.01%),P:1e-59	Tpos:475.6,Tstd:304.7,Bpos:412.5,Bstd:273.3,StrandBias:1.9,Multiplicity:1.36
0.001	0.014	0.001	0.984
0.001	0.001	0.997	0.001
0.001	0.997	0.001	0.001
0.997	0.001	0.001	0.001
0.001	0.001	0.997	0.001
0.997	0.001	0.001	0.001
0.001	0.001	0.001	0.997
0.257	0.001	0.001	0.741
0.001	0.997	0.001	0.001
0.001	0.001	0.001	0.997
0.997	0.001	0.001	0.001
0.001	0.997	0.001	0.001
>AAGGTTCAACTC	9-AAGGTTCAACTC	16.315808	-129.722247	0	T:86.0(0.10%),B:8.5(0.01%),P:1e-56	Tpos:477.9,Tstd:296.4,Bpos:489.0,Bstd:339.8,StrandBias:1.8,Multiplicity:1.49
0.997	0.001	0.001	0.001
0.997	0.001	0.001	0.001
0.001	0.001	0.997	0.001
0.001	0.001	0.997	0.001
0.001	0.001	0.001	0.997
0.001	0.001	0.001	0.997
0.001	0.977	0.021	0.001
0.997	0.001	0.001	0.001
0.867	0.001	0.001	0.131
0.001	0.997	0.001	0.001
0.117	0.001	0.001	0.881
0.001	0.997	0.001	0.001
>AAATGTCCACTT	10-AAATGTCCACTT	16.362955	-119.773609	0	T:109.0(0.12%),B:16.6(0.02%),P:1e-52	Tpos:512.3,Tstd:281.2,Bpos:497.2,Bstd:288.6,StrandBias:0.8,Multiplicity:1.31
0.997	0.001	0.001	0.001
0.997	0.001	0.001	0.001
0.997	0.001	0.001	0.001
0.001	0.001	0.001	0.997
0.001	0.211	0.787	0.001
0.001	0.001	0.001	0.997
0.001	0.997	0.001	0.001
0.001	0.997	0.001	0.001
0.997	0.001	0.001	0.001
0.001	0.997	0.001	0.001
0.001	0.001	0.001	0.997
0.001	0.001	0.001	0.997
>GAATGGAATGGA	11-GAATGGAATGGA	13.486325	-111.427396	0	T:146.0(0.16%),B:32.9(0.04%),P:1e-48	Tpos:479.0,Tstd:284.6,Bpos:569.7,Bstd:336.2,StrandBias:-0.5,Multiplicity:3.64
0.066	0.031	0.878	0.025
0.967	0.011	0.004	0.018
0.648	0.100	0.228	0.024
0.015	0.062	0.005	0.918
0.063	0.193	0.682	0.062
0.019	0.028	0.915	0.038
0.955	0.023	0.004	0.018
0.671	0.112	0.187	0.030
0.034	0.076	0.011	0.879
0.038	0.280	0.630	0.052
0.048	0.016	0.895	0.041
0.964	0.017	0.005	0.014
>ATTCCATTCCAT	12-ATTCCATTCCAT	16.193208	-102.834132	0	T:131.0(0.15%),B:28.8(0.03%),P:1e-44	Tpos:494.4,Tstd:276.6,Bpos:489.5,Bstd:334.9,StrandBias:1.0,Multiplicity:10.08
0.965	0.001	0.012	0.022
0.008	0.020	0.011	0.961
0.001	0.001	0.003	0.995
0.003	0.962	0.026	0.009
0.024	0.939	0.027	0.010
0.979	0.001	0.007	0.013
0.006	0.019	0.004	0.971
0.005	0.001	0.003	0.991
0.001	0.978	0.013	0.008
0.016	0.910	0.047	0.027
0.974	0.001	0.011	0.014
0.004	0.051	0.001	0.944
>TCATATAAAATC	13-TCATATAAAATC	12.355432	-92.305127	0	T:58.0(0.06%),B:5.4(0.01%),P:1e-40	Tpos:503.6,Tstd:290.7,Bpos:408.5,Bstd:323.9,StrandBias:-2.3,Multiplicity:1.57
0.100	0.100	0.100	0.700
0.100	0.700	0.100	0.100
0.700	0.100	0.100	0.100
0.100	0.100	0.100	0.700
0.700	0.100	0.100	0.100
0.100	0.100	0.100	0.700
0.700	0.100	0.100	0.100
0.700	0.100	0.100	0.100
0.700	0.100	0.100	0.100
0.700	0.100	0.100	0.100
0.100	0.100	0.100	0.700
0.100	0.700	0.100	0.100
>ATSGAATGGAAT	14-ATSGAATGGAAT	13.905983	-85.680161	0	T:163.0(0.18%),B:49.6(0.05%),P:1e-37	Tpos:522.6,Tstd:293.7,Bpos:518.5,Bstd:326.1,StrandBias:-0.4,Multiplicity:2.52
0.773	0.001	0.225	0.001
0.001	0.001	0.001	0.997
0.085	0.435	0.416	0.064
0.001	0.001	0.997	0.001
0.997	0.001	0.001	0.001
0.888	0.001	0.110	0.001
0.001	0.001	0.001	0.997
0.001	0.117	0.881	0.001
0.001	0.001	0.997	0.001
0.997	0.001	0.001	0.001
0.910	0.001	0.088	0.001
0.001	0.001	0.001	0.997
>ATCCTATCCTAT	15-ATCCTATCCTAT	-3.405934	-81.780485	0	T:19558.0(21.76%),B:18131.8(20.07%),P:1e-35	Tpos:501.0,Tstd:285.3,Bpos:496.3,Bstd:301.5,StrandBias:0.1,Multiplicity:1.16
0.958	0.001	0.040	0.001
0.001	0.024	0.001	0.974
0.001	0.997	0.001	0.001
0.001	0.997	0.001	0.001
0.001	0.001	0.001	0.997
0.997	0.001	0.001	0.001
0.001	0.001	0.001	0.997
0.001	0.936	0.062	0.001
0.034	0.964	0.001	0.001
0.001	0.001	0.001	0.997
0.997	0.001	0.001	0.001
0.001	0.001	0.001	0.997
>CCTGTAGGCAGA	16-CCTGTAGGCAGA	14.325335	-80.395530	0	T:116.0(0.13%),B:28.0(0.03%),P:1e-34	Tpos:454.8,Tstd:274.5,Bpos:523.2,Bstd:324.0,StrandBias:0.2,Multiplicity:1.95
0.128	0.870	0.001	0.001
0.061	0.900	0.038	0.001
0.001	0.043	0.001	0.955
0.001	0.001	0.997	0.001
0.001	0.001	0.001	0.997
0.997	0.001	0.001	0.001
0.001	0.019	0.979	0.001
0.001	0.001	0.997	0.001
0.001	0.997	0.001	0.001
0.997	0.001	0.001	0.001
0.057	0.001	0.941	0.001
0.997	0.001	0.001	0.001
>GAATGGAATGGA	17-GAATGGAATGGA	12.062739	-76.902515	0	T:207.0(0.23%),B:78.2(0.09%),P:1e-33	Tpos:506.6,Tstd:298.6,Bpos:477.8,Bstd:284.8,StrandBias:-0.2,Multiplicity:2.24
0.059	0.033	0.747	0.161
0.861	0.137	0.001	0.001
0.672	0.149	0.151	0.028
0.032	0.077	0.001	0.890
0.043	0.233	0.500	0.224
0.046	0.067	0.825	0.062
0.979	0.019	0.001	0.001
0.765	0.096	0.096	0.043
0.048	0.080	0.001	0.871
0.047	0.210	0.679	0.064
0.070	0.166	0.662	0.102
0.988	0.005	0.001	0.006
>GTGATCAGTGCA	18-GTGATCAGTGCA	13.241517	-76.821032	0	T:100.0(0.11%),B:22.4(0.02%),P:1e-33	Tpos:495.8,Tstd:284.8,Bpos:526.3,Bstd:356.4,StrandBias:0.1,Multiplicity:4.14
0.001	0.001	0.933	0.065
0.001	0.040	0.001	0.958
0.001	0.001	0.970	0.028
0.997	0.001	0.001	0.001
0.001	0.001	0.001	0.997
0.001	0.997	0.001	0.001
0.950	0.045	0.004	0.001
0.001	0.001	0.997	0.001
0.001	0.001	0.001	0.997
0.001	0.001	0.997	0.001
0.001	0.997	0.001	0.001
0.997	0.001	0.001	0.001
>TCGAATGGAATC	19-TCGAATGGAATC	-0.052497	-76.509973	0	T:46643.0(51.88%),B:45058.8(49.87%),P:1e-33	Tpos:500.0,Tstd:290.1,Bpos:498.2,Bstd:298.4,StrandBias:-0.0,Multiplicity:1.52
0.043	0.019	0.004	0.934
0.001	0.997	0.001	0.001
0.144	0.029	0.805	0.022
0.978	0.016	0.004	0.002
0.984	0.001	0.006	0.009
0.019	0.004	0.002	0.975
0.002	0.001	0.996	0.001
0.019	0.031	0.938	0.012
0.993	0.001	0.002	0.004
0.843	0.137	0.004	0.016
0.030	0.001	0.001	0.968
0.032	0.886	0.043	0.039
>TAACGCTAACCC	20-TAACGCTAACCC	12.482713	-49.535882	0	T:22.0(0.02%),B:1.2(0.00%),P:1e-21	Tpos:461.4,Tstd:259.2,Bpos:566.0,Bstd:150.3,StrandBias:0.5,Multiplicity:1.23
0.272	0.049	0.001	0.678
0.726	0.001	0.001	0.272
0.997	0.001	0.001	0.001
0.001	0.997	0.001	0.001
0.001	0.045	0.953	0.001
0.061	0.937	0.001	0.001
0.001	0.049	0.049	0.901
0.997	0.001	0.001	0.001
0.949	0.049	0.001	0.001
0.001	0.949	0.049	0.001
0.001	0.901	0.049	0.049
0.001	0.956	0.042	0.001
>GTTACATCACCT	21-GTTACATCACCT	11.506104	-36.800762	0	T:149.0(0.17%),B:70.3(0.08%),P:1e-15	Tpos:456.4,Tstd:280.4,Bpos:481.1,Bstd:291.9,StrandBias:0.1,Multiplicity:3.01
0.030	0.032	0.937	0.001
0.001	0.001	0.001	0.997
0.001	0.001	0.001	0.997
0.896	0.001	0.102	0.001
0.001	0.997	0.001	0.001
0.993	0.001	0.005	0.001
0.001	0.040	0.001	0.958
0.001	0.949	0.049	0.001
0.996	0.001	0.002	0.001
0.001	0.997	0.001	0.001
0.034	0.880	0.016	0.070
0.001	0.001	0.002	0.996
>AGCCAGCCAAGC	22-AGCCAGCCAAGC	12.380777	-35.885617	0	T:111.0(0.12%),B:46.7(0.05%),P:1e-15	Tpos:513.9,Tstd:284.4,Bpos:444.3,Bstd:253.4,StrandBias:0.5,Multiplicity:4.82
0.981	0.017	0.001	0.001
0.051	0.001	0.947	0.001
0.001	0.997	0.001	0.001
0.001	0.906	0.025	0.068
0.997	0.001	0.001	0.001
0.001	0.001	0.997	0.001
0.001	0.997	0.001	0.001
0.001	0.997	0.001	0.001
0.997	0.001	0.001	0.001
0.997	0.001	0.001	0.001
0.001	0.001	0.997	0.001
0.001	0.997	0.001	0.001
>TCCCRGACNGGG	23-TCCCRGACNGGG	13.809053	-34.509776	0	T:325.0(0.36%),B:203.4(0.23%),P:1e-14	Tpos:512.7,Tstd:271.8,Bpos:514.8,Bstd:261.2,StrandBias:-0.0,Multiplicity:2.15
0.001	0.001	0.001	0.997
0.001	0.766	0.001	0.232
0.001	0.791	0.001	0.207
0.001	0.940	0.001	0.058
0.422	0.001	0.393	0.184
0.001	0.082	0.916	0.001
0.986	0.001	0.012	0.001
0.001	0.997	0.001	0.001
0.184	0.209	0.317	0.290
0.127	0.001	0.871	0.001
0.001	0.001	0.997	0.001
0.001	0.001	0.997	0.001
>GAGGCGCTCCTC	24-GAGGCGCTCCTC	12.057656	-30.653858	0	T:508.0(0.57%),B:360.7(0.40%),P:1e-13	Tpos:511.3,Tstd:282.3,Bpos:503.8,Bstd:267.1,StrandBias:-0.1,Multiplicity:4.49
0.001	0.001	0.997	0.001
0.997	0.001	0.001	0.001
0.001	0.001	0.997	0.001
0.364	0.001	0.632	0.003
0.001	0.723	0.275	0.001
0.001	0.013	0.985	0.001
0.007	0.988	0.001	0.004
0.007	0.089	0.006	0.898
0.001	0.970	0.007	0.022
0.001	0.959	0.003	0.037
0.001	0.040	0.028	0.931
0.001	0.997	0.001	0.001
>CCTAACCCTAAC	25-CCTAACCCTAAC	10.737616	-20.694713	0	T:105.0(0.12%),B:56.0(0.06%),P:1e-8	Tpos:477.6,Tstd:218.9,Bpos:453.5,Bstd:254.2,StrandBias:-0.4,Multiplicity:11.38
0.001	0.997	0.001	0.001
0.015	0.979	0.005	0.001
0.001	0.001	0.001	0.997
0.997	0.001	0.001	0.001
0.997	0.001	0.001	0.001
0.001	0.997	0.001	0.001
0.013	0.985	0.001	0.001
0.001	0.995	0.003	0.001
0.001	0.001	0.001	0.997
0.997	0.001	0.001	0.001
0.972	0.026	0.001	0.001
0.001	0.997	0.001	0.001
