>TGTACAGCGC	1-TGTACAGCGC	6.186617	-438.923311	0	T:45248.0(50.33%),B:41044.7(45.43%),P:1e-190	Tpos:500.7,Tstd:281.1,Bpos:497.0,Bstd:303.8,StrandBias:0.0,Multiplicity:1.45
0.090	0.001	0.001	0.908
0.160	0.033	0.775	0.032
0.170	0.219	0.104	0.507
0.615	0.002	0.202	0.181
0.136	0.803	0.008	0.053
0.937	0.001	0.001	0.061
0.124	0.064	0.811	0.001
0.036	0.498	0.178	0.287
0.252	0.083	0.507	0.158
0.038	0.779	0.049	0.134
>CTCTGCGCTG	2-CTCTGCGCTG	6.404373	-367.723747	0	T:61319.0(68.21%),B:57765.5(63.93%),P:1e-159	Tpos:499.3,Tstd:278.6,Bpos:501.2,Bstd:301.3,StrandBias:0.0,Multiplicity:2.00
0.100	0.700	0.100	0.100
0.100	0.100	0.100	0.700
0.100	0.700	0.100	0.100
0.100	0.100	0.100	0.700
0.100	0.100	0.700	0.100
0.100	0.700	0.100	0.100
0.100	0.100	0.700	0.100
0.100	0.700	0.100	0.100
0.100	0.100	0.100	0.700
0.100	0.100	0.700	0.100
>GGACAGCTCT	3-GGACAGCTCT	6.251647	-315.016204	0	T:54049.0(60.12%),B:50608.8(56.01%),P:1e-136	Tpos:500.9,Tstd:280.0,Bpos:500.1,Bstd:304.4,StrandBias:-0.0,Multiplicity:1.51
0.091	0.048	0.791	0.070
0.069	0.116	0.775	0.040
0.791	0.056	0.072	0.081
0.045	0.808	0.080	0.067
0.788	0.070	0.061	0.081
0.076	0.053	0.783	0.088
0.052	0.799	0.065	0.084
0.043	0.086	0.043	0.828
0.048	0.810	0.046	0.096
0.050	0.088	0.034	0.828
>TVTACACYGT	4-TVTACACYGT	5.256258	-304.033828	0	T:48834.0(54.32%),B:45394.7(50.24%),P:1e-132	Tpos:500.2,Tstd:281.8,Bpos:497.9,Bstd:303.2,StrandBias:0.0,Multiplicity:1.39
0.175	0.243	0.186	0.395
0.211	0.352	0.245	0.191
0.232	0.306	0.001	0.461
0.493	0.138	0.322	0.048
0.062	0.617	0.259	0.062
0.575	0.202	0.001	0.222
0.001	0.847	0.112	0.040
0.225	0.243	0.150	0.381
0.202	0.259	0.537	0.002
0.272	0.001	0.096	0.631
>GCTYTGAGSA	5-GCTYTGAGSA	5.334722	-303.220088	0	T:50553.0(56.23%),B:47134.3(52.16%),P:1e-131	Tpos:501.7,Tstd:283.5,Bpos:497.4,Bstd:304.7,StrandBias:-0.0,Multiplicity:1.37
0.269	0.267	0.459	0.005
0.178	0.482	0.125	0.215
0.238	0.189	0.011	0.562
0.004	0.421	0.221	0.355
0.273	0.166	0.129	0.432
0.013	0.394	0.551	0.042
0.590	0.001	0.299	0.110
0.210	0.009	0.488	0.293
0.140	0.391	0.259	0.210
0.692	0.291	0.005	0.012
>GTGCTAAGCA	6-GTGCTAAGCA	6.127190	-272.072621	0	T:43446.0(48.33%),B:40191.8(44.48%),P:1e-118	Tpos:499.6,Tstd:283.4,Bpos:501.1,Bstd:303.2,StrandBias:-0.0,Multiplicity:1.32
0.080	0.075	0.803	0.042
0.055	0.037	0.052	0.856
0.067	0.083	0.759	0.091
0.058	0.819	0.062	0.061
0.082	0.041	0.049	0.828
0.738	0.094	0.078	0.090
0.830	0.045	0.056	0.069
0.055	0.064	0.800	0.081
0.048	0.761	0.122	0.069
0.808	0.066	0.049	0.077
>AGCGCTCTCT	7-AGCGCTCTCT	6.564841	-252.887498	0	T:40248.0(44.77%),B:37131.3(41.09%),P:1e-109	Tpos:501.8,Tstd:282.7,Bpos:500.1,Bstd:303.2,StrandBias:-0.0,Multiplicity:1.30
0.670	0.105	0.058	0.167
0.207	0.001	0.704	0.088
0.077	0.770	0.046	0.107
0.133	0.133	0.570	0.164
0.001	0.997	0.001	0.001
0.013	0.032	0.001	0.954
0.046	0.797	0.014	0.143
0.053	0.085	0.001	0.861
0.027	0.745	0.164	0.064
0.175	0.098	0.001	0.726
>TAATGCACGG	8-TAATGCACGG	4.877230	-246.195128	0	T:36892.0(41.04%),B:33850.6(37.46%),P:1e-106	Tpos:500.4,Tstd:286.2,Bpos:500.5,Bstd:301.1,StrandBias:0.0,Multiplicity:1.27
0.108	0.110	0.088	0.694
0.683	0.114	0.100	0.103
0.713	0.094	0.079	0.114
0.112	0.088	0.095	0.705
0.106	0.088	0.684	0.122
0.096	0.724	0.084	0.096
0.731	0.091	0.071	0.107
0.086	0.689	0.120	0.105
0.119	0.100	0.674	0.107
0.094	0.107	0.703	0.096
>CATAGCGTAG	9-CATAGCGTAG	6.023713	-197.318994	0	T:21094.0(23.46%),B:18760.6(20.76%),P:1e-85	Tpos:501.2,Tstd:283.1,Bpos:497.9,Bstd:299.9,StrandBias:-0.0,Multiplicity:1.14
0.071	0.823	0.017	0.089
0.843	0.037	0.071	0.049
0.072	0.053	0.105	0.770
0.821	0.041	0.047	0.091
0.028	0.063	0.815	0.094
0.124	0.753	0.084	0.039
0.050	0.155	0.691	0.104
0.028	0.086	0.036	0.850
0.820	0.043	0.088	0.049
0.072	0.042	0.815	0.071
>TTAGGAGCAA	10-TTAGGAGCAA	6.228639	-169.440081	0	T:45818.0(50.97%),B:43309.3(47.93%),P:1e-73	Tpos:499.2,Tstd:287.5,Bpos:500.2,Bstd:299.8,StrandBias:-0.0,Multiplicity:1.40
0.064	0.027	0.044	0.865
0.083	0.065	0.069	0.783
0.740	0.053	0.120	0.087
0.087	0.053	0.781	0.079
0.049	0.113	0.802	0.036
0.836	0.024	0.070	0.070
0.080	0.057	0.813	0.050
0.071	0.772	0.054	0.103
0.836	0.062	0.042	0.060
0.775	0.066	0.088	0.071
>TTTCCAACGA	11-TTTCCAACGA	13.757940	-118.879718	0	T:146.0(0.16%),B:30.9(0.03%),P:1e-51	Tpos:520.3,Tstd:275.0,Bpos:409.5,Bstd:275.1,StrandBias:0.6,Multiplicity:1.70
0.001	0.001	0.001	0.997
0.001	0.001	0.001	0.997
0.001	0.001	0.001	0.997
0.001	0.997	0.001	0.001
0.001	0.925	0.073	0.001
0.997	0.001	0.001	0.001
0.997	0.001	0.001	0.001
0.001	0.997	0.001	0.001
0.001	0.001	0.997	0.001
0.997	0.001	0.001	0.001
>CGGGAATATC	12-CGGGAATATC	10.296193	-80.774385	0	T:85.0(0.09%),B:15.7(0.02%),P:1e-35	Tpos:495.0,Tstd:276.7,Bpos:484.4,Bstd:267.2,StrandBias:-1.9,Multiplicity:1.25
0.100	0.700	0.100	0.100
0.100	0.100	0.700	0.100
0.100	0.100	0.700	0.100
0.100	0.100	0.700	0.100
0.700	0.100	0.100	0.100
0.700	0.100	0.100	0.100
0.100	0.100	0.100	0.700
0.700	0.100	0.100	0.100
0.100	0.100	0.100	0.700
0.100	0.700	0.100	0.100
>AACACTCTTT	13-AACACTCTTT	10.296193	-75.212299	0	T:392.0(0.44%),B:201.5(0.22%),P:1e-32	Tpos:497.2,Tstd:284.5,Bpos:502.7,Bstd:297.6,StrandBias:-0.8,Multiplicity:1.51
0.700	0.100	0.100	0.100
0.700	0.100	0.100	0.100
0.100	0.700	0.100	0.100
0.700	0.100	0.100	0.100
0.100	0.700	0.100	0.100
0.100	0.100	0.100	0.700
0.100	0.700	0.100	0.100
0.100	0.100	0.100	0.700
0.100	0.100	0.100	0.700
0.100	0.100	0.100	0.700
>TGCAAGCSGA	14-TGCAAGCSGA	8.611585	-71.287525	0	T:549.0(0.61%),B:321.6(0.36%),P:1e-30	Tpos:509.5,Tstd:283.2,Bpos:509.3,Bstd:305.6,StrandBias:-0.5,Multiplicity:1.29
0.148	0.179	0.073	0.600
0.049	0.098	0.627	0.226
0.025	0.919	0.032	0.024
0.889	0.029	0.039	0.043
0.569	0.300	0.045	0.086
0.112	0.266	0.447	0.175
0.001	0.552	0.113	0.334
0.037	0.497	0.363	0.103
0.112	0.037	0.719	0.132
0.769	0.054	0.076	0.101
>AATCGAATGG	15-AATCGAATGG	2.430716	-62.536417	0	T:40385.0(44.92%),B:38963.7(43.12%),P:1e-27	Tpos:498.4,Tstd:284.7,Bpos:502.0,Bstd:300.3,StrandBias:-0.1,Multiplicity:1.68
0.677	0.251	0.001	0.071
0.564	0.327	0.108	0.001
0.001	0.001	0.001	0.997
0.001	0.757	0.241	0.001
0.001	0.001	0.997	0.001
0.997	0.001	0.001	0.001
0.758	0.240	0.001	0.001
0.001	0.001	0.001	0.997
0.001	0.240	0.758	0.001
0.001	0.001	0.997	0.001
>TGAGAATGCT	16-TGAGAATGCT	10.296193	-60.119859	0	T:366.0(0.41%),B:200.0(0.22%),P:1e-26	Tpos:498.0,Tstd:280.3,Bpos:466.5,Bstd:301.9,StrandBias:1.2,Multiplicity:1.78
0.100	0.100	0.100	0.700
0.100	0.100	0.700	0.100
0.700	0.100	0.100	0.100
0.100	0.100	0.700	0.100
0.700	0.100	0.100	0.100
0.700	0.100	0.100	0.100
0.100	0.100	0.100	0.700
0.100	0.100	0.700	0.100
0.100	0.700	0.100	0.100
0.100	0.100	0.100	0.700
>GGAAATATCT	17-GGAAATATCT	10.296193	-59.584496	0	T:350.0(0.39%),B:188.2(0.21%),P:1e-25	Tpos:496.5,Tstd:291.6,Bpos:514.0,Bstd:292.0,StrandBias:-0.8,Multiplicity:1.29
0.100	0.100	0.700	0.100
0.100	0.100	0.700	0.100
0.700	0.100	0.100	0.100
0.700	0.100	0.100	0.100
0.700	0.100	0.100	0.100
0.100	0.100	0.100	0.700
0.700	0.100	0.100	0.100
0.100	0.100	0.100	0.700
0.100	0.700	0.100	0.100
0.100	0.100	0.100	0.700
>TATCCTATCC	18-TATCCTATCC	6.404373	-53.756029	0	T:40477.0(45.02%),B:39179.0(43.36%),P:1e-23	Tpos:500.9,Tstd:286.3,Bpos:501.4,Bstd:302.9,StrandBias:0.0,Multiplicity:1.45
0.100	0.100	0.100	0.700
0.700	0.100	0.100	0.100
0.100	0.100	0.100	0.700
0.100	0.700	0.100	0.100
0.100	0.700	0.100	0.100
0.100	0.100	0.100	0.700
0.700	0.100	0.100	0.100
0.100	0.100	0.100	0.700
0.100	0.700	0.100	0.100
0.100	0.700	0.100	0.100
>ACATCACAAA	19-ACATCACAAA	13.675733	-47.315774	0	T:343.0(0.38%),B:198.1(0.22%),P:1e-20	Tpos:502.9,Tstd:292.5,Bpos:495.2,Bstd:293.8,StrandBias:0.8,Multiplicity:1.40
0.997	0.001	0.001	0.001
0.001	0.997	0.001	0.001
0.997	0.001	0.001	0.001
0.001	0.001	0.001	0.997
0.001	0.997	0.001	0.001
0.852	0.001	0.146	0.001
0.001	0.997	0.001	0.001
0.997	0.001	0.001	0.001
0.997	0.001	0.001	0.001
0.997	0.001	0.001	0.001
>GBRCRGRGCD	20-GBRCRGRGCD	6.020495	-38.027352	0	T:5567.0(6.19%),B:5008.6(5.54%),P:1e-16	Tpos:504.4,Tstd:274.9,Bpos:500.2,Bstd:257.3,StrandBias:0.0,Multiplicity:1.69
0.251	0.146	0.424	0.179
0.038	0.350	0.270	0.342
0.316	0.079	0.421	0.184
0.280	0.479	0.025	0.215
0.368	0.028	0.512	0.092
0.040	0.042	0.869	0.049
0.400	0.175	0.316	0.109
0.047	0.032	0.876	0.045
0.236	0.532	0.044	0.188
0.216	0.199	0.365	0.220
>GATCAGTGCA	21-GATCAGTGCA	10.296193	-26.826213	0	T:195.0(0.22%),B:114.5(0.13%),P:1e-11	Tpos:490.1,Tstd:282.5,Bpos:503.4,Bstd:339.1,StrandBias:0.2,Multiplicity:2.90
0.100	0.100	0.700	0.100
0.700	0.100	0.100	0.100
0.100	0.100	0.100	0.700
0.100	0.700	0.100	0.100
0.700	0.100	0.100	0.100
0.100	0.100	0.700	0.100
0.100	0.100	0.100	0.700
0.100	0.100	0.700	0.100
0.100	0.700	0.100	0.100
0.700	0.100	0.100	0.100
>GGCTTGGCTG	22-GGCTTGGCTG	11.382494	-25.753062	0	T:967.0(1.08%),B:776.9(0.86%),P:1e-11	Tpos:501.3,Tstd:288.2,Bpos:481.3,Bstd:296.0,StrandBias:-0.2,Multiplicity:1.55
0.001	0.001	0.997	0.001
0.001	0.001	0.997	0.001
0.001	0.997	0.001	0.001
0.001	0.001	0.001	0.997
0.001	0.001	0.001	0.997
0.001	0.001	0.997	0.001
0.086	0.001	0.912	0.001
0.001	0.997	0.001	0.001
0.001	0.001	0.001	0.997
0.001	0.001	0.997	0.001
>TACATCACCT	23-TACATCACCT	10.296193	-19.998400	0	T:202.0(0.22%),B:130.7(0.14%),P:1e-8	Tpos:470.5,Tstd:281.9,Bpos:511.2,Bstd:304.4,StrandBias:-0.0,Multiplicity:2.14
0.100	0.100	0.100	0.700
0.700	0.100	0.100	0.100
0.100	0.700	0.100	0.100
0.700	0.100	0.100	0.100
0.100	0.100	0.100	0.700
0.100	0.700	0.100	0.100
0.700	0.100	0.100	0.100
0.100	0.700	0.100	0.100
0.100	0.700	0.100	0.100
0.100	0.100	0.100	0.700
>TAACCCTAAC	24-TAACCCTAAC	6.404373	-19.622436	0	T:38182.0(42.47%),B:37511.3(41.51%),P:1e-8	Tpos:498.1,Tstd:283.8,Bpos:499.9,Bstd:294.4,StrandBias:-0.0,Multiplicity:1.44
0.100	0.100	0.100	0.700
0.700	0.100	0.100	0.100
0.700	0.100	0.100	0.100
0.100	0.700	0.100	0.100
0.100	0.700	0.100	0.100
0.100	0.700	0.100	0.100
0.100	0.100	0.100	0.700
0.700	0.100	0.100	0.100
0.700	0.100	0.100	0.100
0.100	0.700	0.100	0.100
>CTCCCTCTCC	25-CTCCCTCTCC	10.296193	-15.924734	0	T:2177.0(2.42%),B:1957.8(2.17%),P:1e-6	Tpos:505.2,Tstd:282.3,Bpos:509.0,Bstd:294.5,StrandBias:0.1,Multiplicity:1.56
0.100	0.700	0.100	0.100
0.100	0.100	0.100	0.700
0.100	0.700	0.100	0.100
0.100	0.700	0.100	0.100
0.100	0.700	0.100	0.100
0.100	0.100	0.100	0.700
0.100	0.700	0.100	0.100
0.100	0.100	0.100	0.700
0.100	0.700	0.100	0.100
0.100	0.700	0.100	0.100
>TGCTCAGCACAG	1-TGCTCAGCACAG	7.411613	-422.736845	0	T:37480.0(41.69%),B:33428.6(37.00%),P:1e-183	Tpos:501.1,Tstd:277.3,Bpos:499.3,Bstd:306.3,StrandBias:0.0,Multiplicity:1.38
0.231	0.008	0.094	0.667
0.047	0.131	0.806	0.016
0.184	0.675	0.102	0.039
0.309	0.119	0.009	0.563
0.096	0.689	0.112	0.103
0.673	0.002	0.001	0.324
0.037	0.010	0.925	0.028
0.103	0.608	0.157	0.132
0.614	0.210	0.043	0.133
0.034	0.839	0.115	0.012
0.707	0.035	0.028	0.230
0.023	0.113	0.757	0.107
>CGTTTCGAACGA	2-CGTTTCGAACGA	10.683938	-407.225159	0	T:109.0(0.12%),B:1.7(0.00%),P:1e-176	Tpos:501.4,Tstd:272.0,Bpos:715.8,Bstd:91.0,StrandBias:1.2,Multiplicity:1.93
0.089	0.725	0.096	0.090
0.102	0.097	0.720	0.081
0.058	0.073	0.048	0.821
0.054	0.067	0.074	0.805
0.060	0.056	0.080	0.804
0.080	0.778	0.078	0.064
0.171	0.058	0.695	0.076
0.780	0.071	0.077	0.072
0.711	0.074	0.150	0.065
0.091	0.723	0.091	0.095
0.081	0.100	0.747	0.072
0.694	0.160	0.088	0.058
>GGCCTCAAAGCG	3-GGCCTCAAAGCG	11.962765	-278.675602	0	T:106.0(0.12%),B:3.5(0.00%),P:1e-121	Tpos:515.7,Tstd:288.0,Bpos:611.7,Bstd:125.1,StrandBias:2.3,Multiplicity:1.62
0.001	0.001	0.992	0.006
0.001	0.001	0.997	0.001
0.001	0.997	0.001	0.001
0.001	0.997	0.001	0.001
0.001	0.001	0.001	0.997
0.001	0.605	0.393	0.001
0.997	0.001	0.001	0.001
0.997	0.001	0.001	0.001
0.982	0.001	0.001	0.016
0.001	0.001	0.997	0.001
0.001	0.997	0.001	0.001
0.001	0.001	0.997	0.001
>TGAGAATGCTTC	4-TGAGAATGCTTC	12.355432	-225.043039	0	T:123.0(0.14%),B:8.1(0.01%),P:1e-97	Tpos:493.1,Tstd:277.1,Bpos:434.1,Bstd:222.3,StrandBias:2.7,Multiplicity:3.18
0.100	0.100	0.100	0.700
0.100	0.100	0.700	0.100
0.700	0.100	0.100	0.100
0.100	0.100	0.700	0.100
0.700	0.100	0.100	0.100
0.700	0.100	0.100	0.100
0.100	0.100	0.100	0.700
0.100	0.100	0.700	0.100
0.100	0.700	0.100	0.100
0.100	0.100	0.100	0.700
0.100	0.100	0.100	0.700
0.100	0.700	0.100	0.100
>GAAACACTCTTT	5-GAAACACTCTTT	13.720078	-166.227338	0	T:145.0(0.16%),B:20.4(0.02%),P:1e-72	Tpos:506.7,Tstd:282.5,Bpos:335.4,Bstd:286.8,StrandBias:-1.5,Multiplicity:2.23
0.001	0.001	0.997	0.001
0.997	0.001	0.001	0.001
0.997	0.001	0.001	0.001
0.997	0.001	0.001	0.001
0.001	0.997	0.001	0.001
0.942	0.001	0.056	0.001
0.001	0.997	0.001	0.001
0.001	0.001	0.001	0.997
0.001	0.997	0.001	0.001
0.001	0.001	0.001	0.997
0.001	0.001	0.001	0.997
0.001	0.001	0.001	0.997
>CCAAATATCCAC	6-CCAAATATCCAC	16.300766	-165.102019	0	T:109.0(0.12%),B:10.4(0.01%),P:1e-71	Tpos:502.6,Tstd:285.5,Bpos:495.4,Bstd:300.7,StrandBias:1.2,Multiplicity:1.60
0.001	0.997	0.001	0.001
0.001	0.997	0.001	0.001
0.950	0.001	0.048	0.001
0.997	0.001	0.001	0.001
0.997	0.001	0.001	0.001
0.001	0.001	0.001	0.997
0.784	0.001	0.214	0.001
0.001	0.001	0.001	0.997
0.001	0.997	0.001	0.001
0.001	0.997	0.001	0.001
0.987	0.001	0.011	0.001
0.001	0.997	0.001	0.001
>AGATATTTCCTT	7-AGATATTTCCTT	13.408299	-144.741879	0	T:134.0(0.15%),B:20.8(0.02%),P:1e-62	Tpos:496.2,Tstd:284.7,Bpos:470.1,Bstd:295.3,StrandBias:1.3,Multiplicity:1.76
0.997	0.001	0.001	0.001
0.001	0.001	0.997	0.001
0.997	0.001	0.001	0.001
0.001	0.001	0.001	0.997
0.997	0.001	0.001	0.001
0.001	0.001	0.001	0.997
0.041	0.001	0.001	0.957
0.001	0.001	0.001	0.997
0.001	0.997	0.001	0.001
0.001	0.997	0.001	0.001
0.001	0.001	0.001	0.997
0.001	0.001	0.001	0.997
>TGCAGATTCTAC	8-TGCAGATTCTAC	16.289602	-136.740939	0	T:93.0(0.10%),B:9.5(0.01%),P:1e-59	Tpos:475.6,Tstd:304.7,Bpos:412.5,Bstd:273.3,StrandBias:1.9,Multiplicity:1.36
0.001	0.014	0.001	0.984
0.001	0.001	0.997	0.001
0.001	0.997	0.001	0.001
0.997	0.001	0.001	0.001
0.001	0.001	0.997	0.001
0.997	0.001	0.001	0.001
0.001	0.001	0.001	0.997
0.257	0.001	0.001	0.741
0.001	0.997	0.001	0.001
0.001	0.001	0.001	0.997
0.997	0.001	0.001	0.001
0.001	0.997	0.001	0.001
>AAGGTTCAACTC	9-AAGGTTCAACTC	16.315808	-129.722247	0	T:86.0(0.10%),B:8.5(0.01%),P:1e-56	Tpos:477.9,Tstd:296.4,Bpos:489.0,Bstd:339.8,StrandBias:1.8,Multiplicity:1.49
0.997	0.001	0.001	0.001
0.997	0.001	0.001	0.001
0.001	0.001	0.997	0.001
0.001	0.001	0.997	0.001
0.001	0.001	0.001	0.997
0.001	0.001	0.001	0.997
0.001	0.977	0.021	0.001
0.997	0.001	0.001	0.001
0.867	0.001	0.001	0.131
0.001	0.997	0.001	0.001
0.117	0.001	0.001	0.881
0.001	0.997	0.001	0.001
>AAATGTCCACTT	10-AAATGTCCACTT	16.362955	-119.773609	0	T:109.0(0.12%),B:16.6(0.02%),P:1e-52	Tpos:512.3,Tstd:281.2,Bpos:497.2,Bstd:288.6,StrandBias:0.8,Multiplicity:1.31
0.997	0.001	0.001	0.001
0.997	0.001	0.001	0.001
0.997	0.001	0.001	0.001
0.001	0.001	0.001	0.997
0.001	0.211	0.787	0.001
0.001	0.001	0.001	0.997
0.001	0.997	0.001	0.001
0.001	0.997	0.001	0.001
0.997	0.001	0.001	0.001
0.001	0.997	0.001	0.001
0.001	0.001	0.001	0.997
0.001	0.001	0.001	0.997
>GAATGGAATGGA	11-GAATGGAATGGA	13.486325	-111.427396	0	T:146.0(0.16%),B:32.9(0.04%),P:1e-48	Tpos:479.0,Tstd:284.6,Bpos:569.7,Bstd:336.2,StrandBias:-0.5,Multiplicity:3.64
0.066	0.031	0.878	0.025
0.967	0.011	0.004	0.018
0.648	0.100	0.228	0.024
0.015	0.062	0.005	0.918
0.063	0.193	0.682	0.062
0.019	0.028	0.915	0.038
0.955	0.023	0.004	0.018
0.671	0.112	0.187	0.030
0.034	0.076	0.011	0.879
0.038	0.280	0.630	0.052
0.048	0.016	0.895	0.041
0.964	0.017	0.005	0.014
>ATTCCATTCCAT	12-ATTCCATTCCAT	16.193208	-102.834132	0	T:131.0(0.15%),B:28.8(0.03%),P:1e-44	Tpos:494.4,Tstd:276.6,Bpos:489.5,Bstd:334.9,StrandBias:1.0,Multiplicity:10.08
0.965	0.001	0.012	0.022
0.008	0.020	0.011	0.961
0.001	0.001	0.003	0.995
0.003	0.962	0.026	0.009
0.024	0.939	0.027	0.010
0.979	0.001	0.007	0.013
0.006	0.019	0.004	0.971
0.005	0.001	0.003	0.991
0.001	0.978	0.013	0.008
0.016	0.910	0.047	0.027
0.974	0.001	0.011	0.014
0.004	0.051	0.001	0.944
>TCATATAAAATC	13-TCATATAAAATC	12.355432	-92.305127	0	T:58.0(0.06%),B:5.4(0.01%),P:1e-40	Tpos:503.6,Tstd:290.7,Bpos:408.5,Bstd:323.9,StrandBias:-2.3,Multiplicity:1.57
0.100	0.100	0.100	0.700
0.100	0.700	0.100	0.100
0.700	0.100	0.100	0.100
0.100	0.100	0.100	0.700
0.700	0.100	0.100	0.100
0.100	0.100	0.100	0.700
0.700	0.100	0.100	0.100
0.700	0.100	0.100	0.100
0.700	0.100	0.100	0.100
0.700	0.100	0.100	0.100
0.100	0.100	0.100	0.700
0.100	0.700	0.100	0.100
>ATSGAATGGAAT	14-ATSGAATGGAAT	13.905983	-85.680161	0	T:163.0(0.18%),B:49.6(0.05%),P:1e-37	Tpos:522.6,Tstd:293.7,Bpos:518.5,Bstd:326.1,StrandBias:-0.4,Multiplicity:2.52
0.773	0.001	0.225	0.001
0.001	0.001	0.001	0.997
0.085	0.435	0.416	0.064
0.001	0.001	0.997	0.001
0.997	0.001	0.001	0.001
0.888	0.001	0.110	0.001
0.001	0.001	0.001	0.997
0.001	0.117	0.881	0.001
0.001	0.001	0.997	0.001
0.997	0.001	0.001	0.001
0.910	0.001	0.088	0.001
0.001	0.001	0.001	0.997
>ATCCTATCCTAT	15-ATCCTATCCTAT	-3.405934	-81.780485	0	T:19558.0(21.76%),B:18131.8(20.07%),P:1e-35	Tpos:501.0,Tstd:285.3,Bpos:496.3,Bstd:301.5,StrandBias:0.1,Multiplicity:1.16
0.958	0.001	0.040	0.001
0.001	0.024	0.001	0.974
0.001	0.997	0.001	0.001
0.001	0.997	0.001	0.001
0.001	0.001	0.001	0.997
0.997	0.001	0.001	0.001
0.001	0.001	0.001	0.997
0.001	0.936	0.062	0.001
0.034	0.964	0.001	0.001
0.001	0.001	0.001	0.997
0.997	0.001	0.001	0.001
0.001	0.001	0.001	0.997
>CCTGTAGGCAGA	16-CCTGTAGGCAGA	14.325335	-80.395530	0	T:116.0(0.13%),B:28.0(0.03%),P:1e-34	Tpos:454.8,Tstd:274.5,Bpos:523.2,Bstd:324.0,StrandBias:0.2,Multiplicity:1.95
0.128	0.870	0.001	0.001
0.061	0.900	0.038	0.001
0.001	0.043	0.001	0.955
0.001	0.001	0.997	0.001
0.001	0.001	0.001	0.997
0.997	0.001	0.001	0.001
0.001	0.019	0.979	0.001
0.001	0.001	0.997	0.001
0.001	0.997	0.001	0.001
0.997	0.001	0.001	0.001
0.057	0.001	0.941	0.001
0.997	0.001	0.001	0.001
>GAATGGAATGGA	17-GAATGGAATGGA	12.062739	-76.902515	0	T:207.0(0.23%),B:78.2(0.09%),P:1e-33	Tpos:506.6,Tstd:298.6,Bpos:477.8,Bstd:284.8,StrandBias:-0.2,Multiplicity:2.24
0.059	0.033	0.747	0.161
0.861	0.137	0.001	0.001
0.672	0.149	0.151	0.028
0.032	0.077	0.001	0.890
0.043	0.233	0.500	0.224
0.046	0.067	0.825	0.062
0.979	0.019	0.001	0.001
0.765	0.096	0.096	0.043
0.048	0.080	0.001	0.871
0.047	0.210	0.679	0.064
0.070	0.166	0.662	0.102
0.988	0.005	0.001	0.006
>GTGATCAGTGCA	18-GTGATCAGTGCA	13.241517	-76.821032	0	T:100.0(0.11%),B:22.4(0.02%),P:1e-33	Tpos:495.8,Tstd:284.8,Bpos:526.3,Bstd:356.4,StrandBias:0.1,Multiplicity:4.14
0.001	0.001	0.933	0.065
0.001	0.040	0.001	0.958
0.001	0.001	0.970	0.028
0.997	0.001	0.001	0.001
0.001	0.001	0.001	0.997
0.001	0.997	0.001	0.001
0.950	0.045	0.004	0.001
0.001	0.001	0.997	0.001
0.001	0.001	0.001	0.997
0.001	0.001	0.997	0.001
0.001	0.997	0.001	0.001
0.997	0.001	0.001	0.001
>TCGAATGGAATC	19-TCGAATGGAATC	-0.052497	-76.509973	0	T:46643.0(51.88%),B:45058.8(49.87%),P:1e-33	Tpos:500.0,Tstd:290.1,Bpos:498.2,Bstd:298.4,StrandBias:-0.0,Multiplicity:1.52
0.043	0.019	0.004	0.934
0.001	0.997	0.001	0.001
0.144	0.029	0.805	0.022
0.978	0.016	0.004	0.002
0.984	0.001	0.006	0.009
0.019	0.004	0.002	0.975
0.002	0.001	0.996	0.001
0.019	0.031	0.938	0.012
0.993	0.001	0.002	0.004
0.843	0.137	0.004	0.016
0.030	0.001	0.001	0.968
0.032	0.886	0.043	0.039
>TAACGCTAACCC	20-TAACGCTAACCC	12.482713	-49.535882	0	T:22.0(0.02%),B:1.2(0.00%),P:1e-21	Tpos:461.4,Tstd:259.2,Bpos:566.0,Bstd:150.3,StrandBias:0.5,Multiplicity:1.23
0.272	0.049	0.001	0.678
0.726	0.001	0.001	0.272
0.997	0.001	0.001	0.001
0.001	0.997	0.001	0.001
0.001	0.045	0.953	0.001
0.061	0.937	0.001	0.001
0.001	0.049	0.049	0.901
0.997	0.001	0.001	0.001
0.949	0.049	0.001	0.001
0.001	0.949	0.049	0.001
0.001	0.901	0.049	0.049
0.001	0.956	0.042	0.001
>GTTACATCACCT	21-GTTACATCACCT	11.506104	-36.800762	0	T:149.0(0.17%),B:70.3(0.08%),P:1e-15	Tpos:456.4,Tstd:280.4,Bpos:481.1,Bstd:291.9,StrandBias:0.1,Multiplicity:3.01
0.030	0.032	0.937	0.001
0.001	0.001	0.001	0.997
0.001	0.001	0.001	0.997
0.896	0.001	0.102	0.001
0.001	0.997	0.001	0.001
0.993	0.001	0.005	0.001
0.001	0.040	0.001	0.958
0.001	0.949	0.049	0.001
0.996	0.001	0.002	0.001
0.001	0.997	0.001	0.001
0.034	0.880	0.016	0.070
0.001	0.001	0.002	0.996
>AGCCAGCCAAGC	22-AGCCAGCCAAGC	12.380777	-35.885617	0	T:111.0(0.12%),B:46.7(0.05%),P:1e-15	Tpos:513.9,Tstd:284.4,Bpos:444.3,Bstd:253.4,StrandBias:0.5,Multiplicity:4.82
0.981	0.017	0.001	0.001
0.051	0.001	0.947	0.001
0.001	0.997	0.001	0.001
0.001	0.906	0.025	0.068
0.997	0.001	0.001	0.001
0.001	0.001	0.997	0.001
0.001	0.997	0.001	0.001
0.001	0.997	0.001	0.001
0.997	0.001	0.001	0.001
0.997	0.001	0.001	0.001
0.001	0.001	0.997	0.001
0.001	0.997	0.001	0.001
>TCCCRGACNGGG	23-TCCCRGACNGGG	13.809053	-34.509776	0	T:325.0(0.36%),B:203.4(0.23%),P:1e-14	Tpos:512.7,Tstd:271.8,Bpos:514.8,Bstd:261.2,StrandBias:-0.0,Multiplicity:2.15
0.001	0.001	0.001	0.997
0.001	0.766	0.001	0.232
0.001	0.791	0.001	0.207
0.001	0.940	0.001	0.058
0.422	0.001	0.393	0.184
0.001	0.082	0.916	0.001
0.986	0.001	0.012	0.001
0.001	0.997	0.001	0.001
0.184	0.209	0.317	0.290
0.127	0.001	0.871	0.001
0.001	0.001	0.997	0.001
0.001	0.001	0.997	0.001
>GAGGCGCTCCTC	24-GAGGCGCTCCTC	12.057656	-30.653858	0	T:508.0(0.57%),B:360.7(0.40%),P:1e-13	Tpos:511.3,Tstd:282.3,Bpos:503.8,Bstd:267.1,StrandBias:-0.1,Multiplicity:4.49
0.001	0.001	0.997	0.001
0.997	0.001	0.001	0.001
0.001	0.001	0.997	0.001
0.364	0.001	0.632	0.003
0.001	0.723	0.275	0.001
0.001	0.013	0.985	0.001
0.007	0.988	0.001	0.004
0.007	0.089	0.006	0.898
0.001	0.970	0.007	0.022
0.001	0.959	0.003	0.037
0.001	0.040	0.028	0.931
0.001	0.997	0.001	0.001
>CCTAACCCTAAC	25-CCTAACCCTAAC	10.737616	-20.694713	0	T:105.0(0.12%),B:56.0(0.06%),P:1e-8	Tpos:477.6,Tstd:218.9,Bpos:453.5,Bstd:254.2,StrandBias:-0.4,Multiplicity:11.38
0.001	0.997	0.001	0.001
0.015	0.979	0.005	0.001
0.001	0.001	0.001	0.997
0.997	0.001	0.001	0.001
0.997	0.001	0.001	0.001
0.001	0.997	0.001	0.001
0.013	0.985	0.001	0.001
0.001	0.995	0.003	0.001
0.001	0.001	0.001	0.997
0.997	0.001	0.001	0.001
0.972	0.026	0.001	0.001
0.001	0.997	0.001	0.001
>GCAKAGAS	1-GCAKAGAS	6.651507	-323.568285	0	T:61036.0(67.89%),B:57719.8(63.88%),P:1e-140	Tpos:498.8,Tstd:282.1,Bpos:498.3,Bstd:305.9,StrandBias:0.0,Multiplicity:1.43
0.001	0.188	0.652	0.159
0.002	0.845	0.151	0.002
0.861	0.001	0.001	0.137
0.001	0.001	0.490	0.508
0.997	0.001	0.001	0.001
0.001	0.001	0.997	0.001
0.684	0.313	0.001	0.002
0.127	0.453	0.419	0.001
>AGCACTGA	2-AGCACTGA	6.073300	-282.379214	0	T:54956.0(61.13%),B:51733.6(57.25%),P:1e-122	Tpos:499.4,Tstd:282.2,Bpos:501.6,Bstd:304.0,StrandBias:-0.0,Multiplicity:1.50
0.900	0.010	0.054	0.036
0.069	0.001	0.898	0.032
0.069	0.882	0.048	0.001
0.829	0.102	0.009	0.060
0.001	0.971	0.001	0.027
0.082	0.001	0.001	0.916
0.018	0.053	0.883	0.046
0.801	0.042	0.041	0.116
>CTGAGAGC	3-CTGAGAGC	6.813954	-264.746103	0	T:51975.0(57.81%),B:48818.5(54.03%),P:1e-114	Tpos:498.9,Tstd:282.5,Bpos:502.1,Bstd:305.0,StrandBias:0.0,Multiplicity:1.55
0.001	0.997	0.001	0.001
0.257	0.001	0.001	0.741
0.001	0.301	0.697	0.001
0.997	0.001	0.001	0.001
0.224	0.101	0.674	0.001
0.874	0.124	0.001	0.001
0.001	0.001	0.997	0.001
0.001	0.712	0.001	0.286
>TGCAAAGC	4-TGCAAAGC	6.291044	-249.147451	0	T:54896.0(61.06%),B:51889.8(57.43%),P:1e-108	Tpos:500.2,Tstd:285.4,Bpos:499.5,Bstd:301.9,StrandBias:0.0,Multiplicity:1.64
0.100	0.100	0.100	0.700
0.100	0.100	0.700	0.100
0.100	0.700	0.100	0.100
0.700	0.100	0.100	0.100
0.700	0.100	0.100	0.100
0.700	0.100	0.100	0.100
0.100	0.100	0.700	0.100
0.100	0.700	0.100	0.100
>GATGCATT	5-GATGCATT	6.266362	-239.907028	0	T:41935.0(46.65%),B:38898.0(43.05%),P:1e-104	Tpos:500.0,Tstd:291.0,Bpos:495.6,Bstd:301.4,StrandBias:-0.0,Multiplicity:1.35
0.212	0.132	0.442	0.214
0.507	0.030	0.321	0.142
0.334	0.094	0.001	0.571
0.001	0.001	0.997	0.001
0.001	0.800	0.001	0.198
0.756	0.173	0.070	0.001
0.001	0.001	0.001	0.997
0.001	0.315	0.096	0.588
>TGCAGAGT	6-TGCAGAGT	6.637914	-225.449748	0	T:44505.0(49.51%),B:41566.0(46.00%),P:1e-97	Tpos:500.3,Tstd:282.4,Bpos:498.9,Bstd:304.2,StrandBias:-0.0,Multiplicity:1.39
0.091	0.029	0.001	0.879
0.041	0.001	0.957	0.001
0.001	0.968	0.030	0.001
0.811	0.090	0.073	0.026
0.001	0.069	0.929	0.001
0.885	0.057	0.057	0.001
0.105	0.001	0.806	0.088
0.096	0.001	0.044	0.859
>NGCTTAGC	7-NGCTTAGC	4.852845	-220.441492	0	T:45201.0(50.28%),B:42298.7(46.81%),P:1e-95	Tpos:500.4,Tstd:284.7,Bpos:501.7,Bstd:299.3,StrandBias:0.0,Multiplicity:1.14
0.229	0.229	0.309	0.233
0.116	0.087	0.789	0.008
0.150	0.502	0.118	0.230
0.254	0.052	0.022	0.672
0.270	0.145	0.145	0.440
0.537	0.118	0.112	0.233
0.267	0.106	0.596	0.031
0.186	0.718	0.069	0.027
>TGCTTTCA	8-TGCTTTCA	6.679802	-213.677481	0	T:48998.0(54.50%),B:46164.8(51.09%),P:1e-92	Tpos:500.7,Tstd:289.2,Bpos:497.5,Bstd:301.5,StrandBias:-0.0,Multiplicity:1.31
0.040	0.014	0.001	0.945
0.001	0.001	0.997	0.001
0.093	0.853	0.001	0.053
0.092	0.154	0.046	0.708
0.001	0.036	0.001	0.962
0.059	0.061	0.065	0.815
0.025	0.851	0.054	0.070
0.864	0.061	0.032	0.043
>CAGCGCAG	9-CAGCGCAG	6.291044	-208.291105	0	T:53086.0(59.05%),B:50338.0(55.71%),P:1e-90	Tpos:499.8,Tstd:278.9,Bpos:499.9,Bstd:301.0,StrandBias:-0.0,Multiplicity:1.80
0.100	0.700	0.100	0.100
0.700	0.100	0.100	0.100
0.100	0.100	0.700	0.100
0.100	0.700	0.100	0.100
0.100	0.100	0.700	0.100
0.100	0.700	0.100	0.100
0.700	0.100	0.100	0.100
0.100	0.100	0.700	0.100
>TTCCACGG	10-TTCCACGG	5.458750	-202.781672	0	T:53286.0(59.27%),B:50582.3(55.98%),P:1e-88	Tpos:502.0,Tstd:285.3,Bpos:499.8,Bstd:301.1,StrandBias:-0.0,Multiplicity:1.46
0.130	0.093	0.103	0.674
0.055	0.067	0.029	0.849
0.068	0.736	0.088	0.108
0.114	0.748	0.034	0.104
0.863	0.032	0.036	0.069
0.175	0.643	0.097	0.085
0.111	0.119	0.736	0.034
0.060	0.116	0.751	0.073
>TACACTGT	11-TACACTGT	5.911898	-200.111730	0	T:44730.0(49.76%),B:41976.9(46.46%),P:1e-86	Tpos:500.5,Tstd:283.5,Bpos:498.2,Bstd:304.5,StrandBias:-0.0,Multiplicity:1.42
0.040	0.178	0.001	0.781
0.898	0.059	0.042	0.001
0.038	0.846	0.064	0.052
0.949	0.043	0.007	0.001
0.027	0.854	0.086	0.033
0.043	0.030	0.018	0.909
0.001	0.039	0.959	0.001
0.059	0.029	0.060	0.852
>CGGGAGAG	12-CGGGAGAG	6.802517	-194.120682	0	T:51144.0(56.89%),B:48478.2(53.65%),P:1e-84	Tpos:500.2,Tstd:282.0,Bpos:501.3,Bstd:303.8,StrandBias:-0.0,Multiplicity:1.74
0.226	0.512	0.116	0.146
0.148	0.039	0.812	0.001
0.001	0.001	0.975	0.023
0.001	0.028	0.970	0.001
0.997	0.001	0.001	0.001
0.001	0.045	0.925	0.029
0.920	0.001	0.078	0.001
0.001	0.001	0.997	0.001
>CTGTCCTA	13-CTGTCCTA	6.709273	-190.546508	0	T:38348.0(42.66%),B:35684.8(39.49%),P:1e-82	Tpos:500.4,Tstd:282.2,Bpos:503.3,Bstd:306.1,StrandBias:0.0,Multiplicity:1.31
0.039	0.779	0.028	0.154
0.088	0.006	0.030	0.876
0.080	0.001	0.918	0.001
0.001	0.001	0.001	0.997
0.001	0.895	0.015	0.089
0.001	0.974	0.024	0.001
0.048	0.001	0.001	0.950
0.673	0.069	0.157	0.101
>GCTCTAAG	14-GCTCTAAG	5.589488	-185.943274	0	T:44018.0(48.96%),B:41372.8(45.79%),P:1e-80	Tpos:499.7,Tstd:283.5,Bpos:499.9,Bstd:303.7,StrandBias:-0.0,Multiplicity:1.41
0.061	0.037	0.839	0.063
0.001	0.902	0.034	0.063
0.001	0.037	0.026	0.936
0.016	0.952	0.031	0.001
0.035	0.111	0.001	0.853
0.948	0.001	0.001	0.050
0.815	0.009	0.083	0.093
0.097	0.001	0.832	0.070
>TCATTTGC	15-TCATTTGC	7.083926	-185.203379	0	T:30347.0(33.76%),B:27829.8(30.80%),P:1e-80	Tpos:500.4,Tstd:291.5,Bpos:498.9,Bstd:300.6,StrandBias:0.0,Multiplicity:1.24
0.039	0.082	0.050	0.829
0.054	0.875	0.001	0.070
0.901	0.040	0.024	0.035
0.045	0.051	0.001	0.903
0.001	0.001	0.035	0.963
0.063	0.036	0.001	0.900
0.001	0.122	0.876	0.001
0.001	0.815	0.047	0.137
>GCTCMKYM	16-GCTCMKYM	7.667727	-183.064494	0	T:37968.0(42.23%),B:35364.4(39.14%),P:1e-79	Tpos:501.3,Tstd:281.4,Bpos:503.4,Bstd:302.2,StrandBias:0.0,Multiplicity:1.33
0.001	0.001	0.770	0.228
0.001	0.997	0.001	0.001
0.001	0.001	0.001	0.997
0.001	0.997	0.001	0.001
0.515	0.483	0.001	0.001
0.187	0.001	0.395	0.417
0.001	0.452	0.001	0.546
0.533	0.465	0.001	0.001
>TCTGTGAA	17-TCTGTGAA	6.603001	-159.657938	0	T:54694.0(60.84%),B:52354.1(57.94%),P:1e-69	Tpos:499.5,Tstd:286.3,Bpos:499.7,Bstd:305.2,StrandBias:0.0,Multiplicity:1.49
0.045	0.060	0.045	0.850
0.001	0.951	0.001	0.047
0.039	0.001	0.014	0.946
0.001	0.046	0.952	0.001
0.139	0.035	0.081	0.745
0.001	0.001	0.965	0.033
0.777	0.071	0.032	0.120
0.809	0.055	0.075	0.061
>TGAACGGT	18-TGAACGGT	5.071576	-152.063747	0	T:45213.0(50.29%),B:42849.4(47.42%),P:1e-66	Tpos:499.4,Tstd:284.8,Bpos:499.4,Bstd:300.1,StrandBias:-0.0,Multiplicity:1.34
0.182	0.035	0.001	0.782
0.099	0.199	0.577	0.125
0.585	0.155	0.212	0.048
0.501	0.200	0.291	0.008
0.159	0.662	0.056	0.123
0.042	0.365	0.522	0.071
0.007	0.108	0.599	0.286
0.019	0.153	0.001	0.827
>TAAATCGC	19-TAAATCGC	5.167460	-112.428900	0	T:32076.0(35.68%),B:30131.5(33.35%),P:1e-48	Tpos:499.5,Tstd:291.2,Bpos:501.1,Bstd:292.5,StrandBias:0.0,Multiplicity:1.22
0.115	0.140	0.066	0.679
0.782	0.131	0.023	0.064
0.766	0.075	0.020	0.139
0.813	0.075	0.060	0.052
0.122	0.121	0.097	0.660
0.075	0.776	0.116	0.033
0.044	0.112	0.774	0.070
0.056	0.753	0.118	0.073
>AGAGTGTT	20-AGAGTGTT	8.459460	-82.327395	0	T:8880.0(9.88%),B:7838.4(8.68%),P:1e-35	Tpos:493.0,Tstd:284.3,Bpos:498.6,Bstd:303.6,StrandBias:0.0,Multiplicity:1.11
0.997	0.001	0.001	0.001
0.001	0.001	0.997	0.001
0.906	0.092	0.001	0.001
0.001	0.001	0.997	0.001
0.001	0.001	0.001	0.997
0.001	0.001	0.997	0.001
0.001	0.001	0.001	0.997
0.001	0.001	0.201	0.797
>GTACACCC	21-GTACACCC	1.227108	-76.374333	0	T:39868.0(44.35%),B:38268.5(42.35%),P:1e-33	Tpos:502.0,Tstd:281.8,Bpos:499.8,Bstd:301.6,StrandBias:-0.0,Multiplicity:1.41
0.001	0.001	0.997	0.001
0.001	0.001	0.001	0.997
0.997	0.001	0.001	0.001
0.001	0.997	0.001	0.001
0.997	0.001	0.001	0.001
0.001	0.997	0.001	0.001
0.001	0.997	0.001	0.001
0.001	0.945	0.053	0.001
>ATAACATC	22-ATAACATC	5.563073	-72.168223	0	T:42916.0(47.74%),B:41371.5(45.79%),P:1e-31	Tpos:500.0,Tstd:292.9,Bpos:499.2,Bstd:300.3,StrandBias:-0.0,Multiplicity:1.44
0.587	0.070	0.245	0.098
0.063	0.068	0.106	0.763
0.697	0.036	0.136	0.131
0.756	0.040	0.107	0.097
0.054	0.744	0.050	0.152
0.822	0.069	0.055	0.054
0.049	0.081	0.052	0.818
0.065	0.815	0.047	0.073
>TAACCCTA	23-TAACCCTA	6.291044	-24.193944	0	T:32625.0(36.29%),B:31847.1(35.25%),P:1e-10	Tpos:498.2,Tstd:284.9,Bpos:499.0,Bstd:296.5,StrandBias:-0.0,Multiplicity:1.36
0.100	0.100	0.100	0.700
0.700	0.100	0.100	0.100
0.700	0.100	0.100	0.100
0.100	0.700	0.100	0.100
0.100	0.700	0.100	0.100
0.100	0.700	0.100	0.100
0.100	0.100	0.100	0.700
0.700	0.100	0.100	0.100
>AATGGAAT	24-AATGGAAT	4.125831	-20.771938	0	T:51197.0(56.95%),B:50559.7(55.96%),P:1e-9	Tpos:499.2,Tstd:292.5,Bpos:497.0,Bstd:299.0,StrandBias:-0.1,Multiplicity:1.87
0.997	0.001	0.001	0.001
0.997	0.001	0.001	0.001
0.001	0.001	0.001	0.997
0.001	0.036	0.962	0.001
0.001	0.001	0.997	0.001
0.997	0.001	0.001	0.001
0.997	0.001	0.001	0.001
0.001	0.001	0.001	0.997
>CGGGGCRG	25-CGGGGCRG	8.286159	-20.392322	0	T:12882.0(14.33%),B:12328.2(13.64%),P:1e-8	Tpos:503.0,Tstd:278.3,Bpos:504.0,Bstd:268.6,StrandBias:0.0,Multiplicity:1.80
0.001	0.997	0.001	0.001
0.001	0.394	0.604	0.001
0.001	0.113	0.885	0.001
0.001	0.001	0.997	0.001
0.001	0.001	0.997	0.001
0.001	0.997	0.001	0.001
0.291	0.214	0.380	0.115
0.001	0.001	0.997	0.001
