>TGATCAGTGCAG	7-TGATCAGTGCAG,BestGuess:PB0022.1_Gata5_1/Jaspar(0.589)	10.294140	-199.965831	0	T:49.0(0.41%),B:1.9(0.01%),P:1e-86
0.090	0.100	0.094	0.716
0.113	0.088	0.649	0.150
0.690	0.080	0.100	0.130
0.110	0.098	0.091	0.701
0.116	0.648	0.121	0.115
0.665	0.104	0.128	0.103
0.100	0.103	0.655	0.142
0.105	0.102	0.088	0.705
0.145	0.129	0.616	0.110
0.108	0.627	0.098	0.167
0.681	0.110	0.114	0.095
0.103	0.117	0.648	0.132
