>ATGGAATGGAAT	12-ATGGAATGGAAT	11.302421	-136.220097	0	T:132.0(1.10%),B:64.0(0.17%),P:1e-59
0.694	0.224	0.055	0.027
0.059	0.076	0.001	0.864
0.061	0.294	0.454	0.191
0.139	0.038	0.748	0.075
0.971	0.010	0.013	0.006
0.772	0.103	0.064	0.061
0.105	0.069	0.001	0.825
0.066	0.126	0.735	0.073
0.066	0.066	0.832	0.036
0.963	0.035	0.001	0.001
0.709	0.167	0.066	0.058
0.064	0.019	0.001	0.916
