>SATTCCATTCSA	16-SATTCCATTCSA	10.890202	-119.287401	0	T:128.0(1.07%),B:70.2(0.19%),P:1e-51
0.059	0.399	0.478	0.063
0.855	0.026	0.041	0.078
0.054	0.091	0.108	0.747
0.027	0.029	0.047	0.897
0.055	0.733	0.081	0.131
0.045	0.836	0.045	0.074
0.794	0.040	0.091	0.075
0.065	0.108	0.039	0.788
0.024	0.042	0.036	0.898
0.064	0.711	0.134	0.091
0.122	0.416	0.391	0.071
0.870	0.028	0.046	0.056
