>GAATGGAATGGA	11-GAATGGAATGGA,BestGuess:TEAD3(TEA)/HepG2-TEAD3-ChIP-Seq(Encode)/Homer(0.655)	13.486325	-111.427396	0	T:146.0(0.16%),B:32.9(0.04%),P:1e-48
0.066	0.031	0.878	0.025
0.967	0.011	0.004	0.018
0.648	0.100	0.228	0.024
0.015	0.062	0.005	0.918
0.063	0.193	0.682	0.062
0.019	0.028	0.915	0.038
0.955	0.023	0.004	0.018
0.671	0.112	0.187	0.030
0.034	0.076	0.011	0.879
0.038	0.280	0.630	0.052
0.048	0.016	0.895	0.041
0.964	0.017	0.005	0.014
