>CGTTCKAAACGG	1-CCGTTTMGAACG	11.000707	-792.026197	0	T:186.0(0.17%),B:1.9(0.00%),P:1e-343
0.039	0.869	0.062	0.030
0.191	0.228	0.428	0.152
0.036	0.074	0.041	0.849
0.039	0.028	0.054	0.879
0.036	0.546	0.329	0.089
0.151	0.142	0.424	0.283
0.606	0.139	0.224	0.031
0.845	0.055	0.061	0.039
0.894	0.033	0.021	0.052
0.125	0.709	0.034	0.132
0.035	0.271	0.672	0.022
0.025	0.020	0.571	0.384
