>CHCTGTGATATT	15-AATATCACAGDG	9.681288	-115.696340	0	T:660.0(0.61%),B:349.3(0.32%),P:1e-50
0.011	0.744	0.009	0.236
0.288	0.313	0.089	0.310
0.011	0.545	0.116	0.328
0.126	0.192	0.134	0.548
0.175	0.017	0.626	0.182
0.019	0.228	0.173	0.580
0.206	0.095	0.687	0.012
0.852	0.020	0.113	0.015
0.014	0.266	0.017	0.703
0.592	0.017	0.374	0.017
0.028	0.181	0.148	0.643
0.039	0.215	0.102	0.644
