>ATGGAATGGAAT	21-ATGGAATGGAAT	12.806682	-76.082470	0	T:194.0(0.18%),B:71.7(0.07%),P:1e-33
0.711	0.068	0.206	0.015
0.012	0.124	0.014	0.850
0.067	0.247	0.658	0.028
0.136	0.027	0.797	0.040
0.956	0.037	0.006	0.001
0.738	0.129	0.107	0.026
0.075	0.077	0.082	0.766
0.030	0.248	0.683	0.039
0.059	0.062	0.854	0.025
0.956	0.004	0.025	0.015
0.865	0.038	0.085	0.012
0.044	0.039	0.009	0.908
