>VAGGGTTAGGGN	14-NCCCTAACCCTB	6.463238	-117.027382	0	T:58783.0(54.65%),B:56731.3(52.36%),P:1e-50
0.263	0.343	0.253	0.140
0.873	0.006	0.008	0.113
0.108	0.004	0.868	0.020
0.241	0.006	0.470	0.283
0.129	0.212	0.446	0.214
0.176	0.219	0.187	0.418
0.164	0.244	0.194	0.398
0.683	0.040	0.269	0.008
0.227	0.006	0.485	0.283
0.253	0.005	0.620	0.122
0.091	0.008	0.763	0.138
0.291	0.305	0.190	0.214
