>CWGCHCTGTGCT	2-CWGCHCTGTGCT,BestGuess:POL009.1_DCE_S_II/Jaspar(0.708)	6.785735	-710.787583	0	T:63530.0(59.06%),B:57824.4(53.37%),P:1e-308
0.127	0.626	0.149	0.098
0.504	0.065	0.060	0.371
0.053	0.181	0.765	0.001
0.184	0.492	0.147	0.176
0.224	0.363	0.153	0.260
0.002	0.968	0.029	0.001
0.204	0.160	0.003	0.633
0.001	0.001	0.912	0.086
0.153	0.100	0.234	0.513
0.055	0.170	0.665	0.110
0.039	0.778	0.078	0.105
0.296	0.107	0.081	0.516
