>AAACGGAA	1-AAACGGAA	5.811224	-256.883067	0	T:5770.0(48.11%),B:14000.7(38.01%),P:1e-111	Tpos:494.7,Tstd:281.8,Bpos:492.1,Bstd:328.1,StrandBias:0.0,Multiplicity:1.57
0.395	0.216	0.167	0.223
0.646	0.344	0.001	0.009
0.479	0.225	0.168	0.128
0.001	0.997	0.001	0.001
0.001	0.001	0.997	0.001
0.225	0.155	0.474	0.146
0.649	0.001	0.162	0.188
0.997	0.001	0.001	0.001
>CGCTTATC	2-CGCTTATC	8.820514	-178.636031	0	T:1210.0(10.09%),B:2107.6(5.72%),P:1e-77	Tpos:510.4,Tstd:277.6,Bpos:495.3,Bstd:314.6,StrandBias:-0.2,Multiplicity:1.10
0.001	0.879	0.052	0.068
0.024	0.264	0.532	0.180
0.001	0.988	0.010	0.001
0.001	0.011	0.011	0.977
0.001	0.001	0.001	0.997
0.711	0.001	0.001	0.287
0.001	0.031	0.001	0.967
0.001	0.987	0.011	0.001
>TAACGGAC	3-TAACGGAC	2.655836	-177.885865	0	T:5168.0(43.09%),B:12835.6(34.85%),P:1e-77	Tpos:492.0,Tstd:286.8,Bpos:492.3,Bstd:331.0,StrandBias:0.1,Multiplicity:1.34
0.001	0.001	0.001	0.997
0.796	0.001	0.001	0.202
0.679	0.149	0.001	0.171
0.001	0.997	0.001	0.001
0.001	0.077	0.921	0.001
0.067	0.001	0.931	0.001
0.691	0.001	0.001	0.307
0.001	0.991	0.007	0.001
>GSCGDWAN	4-GSCGDWAN	4.801060	-162.466846	0	T:5890.0(49.11%),B:15119.3(41.05%),P:1e-70	Tpos:503.4,Tstd:280.0,Bpos:491.4,Bstd:322.7,StrandBias:-0.0,Multiplicity:1.49
0.029	0.135	0.641	0.195
0.081	0.480	0.348	0.091
0.027	0.633	0.310	0.030
0.001	0.029	0.933	0.037
0.325	0.134	0.232	0.309
0.408	0.094	0.021	0.477
0.613	0.050	0.007	0.330
0.327	0.231	0.224	0.217
>ACGMCHWA	5-ACGMCHWA	5.379370	-152.735053	0	T:5167.0(43.08%),B:13053.9(35.44%),P:1e-66	Tpos:498.3,Tstd:285.8,Bpos:483.3,Bstd:334.6,StrandBias:0.0,Multiplicity:1.46
0.407	0.152	0.253	0.189
0.001	0.997	0.001	0.001
0.001	0.001	0.997	0.001
0.469	0.400	0.129	0.001
0.241	0.399	0.159	0.200
0.255	0.362	0.017	0.366
0.432	0.001	0.001	0.566
0.868	0.001	0.001	0.130
>ATATTCGG	6-ATATTCGG	8.236954	-141.865632	0	T:173.0(1.44%),B:108.4(0.29%),P:1e-61	Tpos:525.4,Tstd:265.1,Bpos:468.9,Bstd:327.8,StrandBias:0.4,Multiplicity:1.00
0.700	0.100	0.100	0.100
0.100	0.100	0.100	0.700
0.700	0.100	0.100	0.100
0.100	0.100	0.100	0.700
0.100	0.100	0.100	0.700
0.100	0.700	0.100	0.100
0.100	0.100	0.700	0.100
0.100	0.100	0.700	0.100
>CGGTTTAG	7-CGGTTTAG	5.726528	-141.713388	0	T:3775.0(31.48%),B:9116.6(24.75%),P:1e-61	Tpos:500.5,Tstd:289.0,Bpos:500.1,Bstd:324.6,StrandBias:-0.1,Multiplicity:1.30
0.040	0.861	0.055	0.044
0.062	0.055	0.766	0.117
0.051	0.048	0.820	0.081
0.049	0.159	0.084	0.708
0.051	0.228	0.059	0.662
0.090	0.069	0.029	0.812
0.784	0.072	0.075	0.069
0.175	0.190	0.590	0.045
>TCCTACGC	8-TCCTACGC	8.236954	-139.647712	0	T:279.0(2.33%),B:265.7(0.72%),P:1e-60	Tpos:494.9,Tstd:243.1,Bpos:514.1,Bstd:315.8,StrandBias:-0.0,Multiplicity:1.09
0.100	0.100	0.100	0.700
0.100	0.700	0.100	0.100
0.100	0.700	0.100	0.100
0.100	0.100	0.100	0.700
0.700	0.100	0.100	0.100
0.100	0.700	0.100	0.100
0.100	0.100	0.700	0.100
0.100	0.700	0.100	0.100
>TGAGTCAT	9-TGAGTCAT	8.884691	-132.406837	0	T:1788.0(14.91%),B:3758.9(10.20%),P:1e-57	Tpos:500.4,Tstd:278.7,Bpos:487.4,Bstd:292.9,StrandBias:-0.0,Multiplicity:1.23
0.001	0.001	0.001	0.997
0.001	0.001	0.997	0.001
0.954	0.044	0.001	0.001
0.001	0.195	0.803	0.001
0.001	0.001	0.001	0.997
0.001	0.997	0.001	0.001
0.997	0.001	0.001	0.001
0.001	0.146	0.158	0.695
>ATCGGGTC	10-ATCGGGTC	8.236954	-110.208551	0	T:235.0(1.96%),B:234.6(0.64%),P:1e-47	Tpos:511.7,Tstd:255.6,Bpos:534.1,Bstd:307.5,StrandBias:-0.4,Multiplicity:1.00
0.700	0.100	0.100	0.100
0.100	0.100	0.100	0.700
0.100	0.700	0.100	0.100
0.100	0.100	0.700	0.100
0.100	0.100	0.700	0.100
0.100	0.100	0.700	0.100
0.100	0.100	0.100	0.700
0.100	0.700	0.100	0.100
>TAGGGGCG	11-TAGGGGCG	4.026458	-64.858274	0	T:6339.0(52.86%),B:17603.3(47.79%),P:1e-28	Tpos:500.5,Tstd:279.2,Bpos:496.4,Bstd:317.7,StrandBias:-0.1,Multiplicity:1.93
0.001	0.001	0.001	0.997
0.997	0.001	0.001	0.001
0.001	0.001	0.871	0.127
0.001	0.001	0.997	0.001
0.001	0.001	0.997	0.001
0.001	0.001	0.997	0.001
0.001	0.997	0.001	0.001
0.001	0.001	0.997	0.001
>TTCGACTC	12-TTCGACTC	6.679963	-63.104570	0	T:2526.0(21.06%),B:6331.7(17.19%),P:1e-27	Tpos:510.7,Tstd:286.3,Bpos:500.2,Bstd:316.6,StrandBias:-0.1,Multiplicity:1.30
0.001	0.001	0.022	0.976
0.015	0.001	0.001	0.983
0.001	0.997	0.001	0.001
0.380	0.088	0.531	0.001
0.843	0.025	0.100	0.032
0.033	0.780	0.167	0.020
0.007	0.018	0.001	0.974
0.004	0.984	0.011	0.001
>CTGTAGGC	13-CTGTAGGC	10.879372	-59.988444	0	T:509.0(4.24%),B:945.0(2.57%),P:1e-26	Tpos:498.6,Tstd:264.8,Bpos:486.3,Bstd:295.7,StrandBias:0.0,Multiplicity:1.32
0.001	0.997	0.001	0.001
0.001	0.001	0.001	0.997
0.001	0.001	0.997	0.001
0.001	0.001	0.001	0.997
0.997	0.001	0.001	0.001
0.001	0.001	0.997	0.001
0.171	0.001	0.827	0.001
0.001	0.997	0.001	0.001
>CKAATCGA	14-CKAATCGA	5.278288	-55.222725	0	T:4023.0(33.54%),B:10774.7(29.25%),P:1e-23	Tpos:505.1,Tstd:290.0,Bpos:494.4,Bstd:322.8,StrandBias:0.1,Multiplicity:1.55
0.018	0.665	0.238	0.079
0.001	0.101	0.523	0.375
0.730	0.001	0.151	0.118
0.549	0.014	0.065	0.372
0.092	0.147	0.001	0.760
0.213	0.519	0.267	0.001
0.030	0.056	0.846	0.068
0.755	0.001	0.165	0.079
>CTGACCCC	15-CTGACCCC	6.229026	-35.652526	0	T:2008.0(16.74%),B:5197.6(14.11%),P:1e-15	Tpos:501.2,Tstd:275.7,Bpos:508.8,Bstd:301.4,StrandBias:0.1,Multiplicity:1.72
0.001	0.997	0.001	0.001
0.001	0.001	0.001	0.997
0.111	0.001	0.887	0.001
0.997	0.001	0.001	0.001
0.001	0.997	0.001	0.001
0.001	0.997	0.001	0.001
0.001	0.997	0.001	0.001
0.001	0.927	0.071	0.001
>GSTGATCA	16-GSTGATCA	8.202055	-31.014995	0	T:669.0(5.58%),B:1526.9(4.15%),P:1e-13	Tpos:492.3,Tstd:288.3,Bpos:507.9,Bstd:304.0,StrandBias:0.0,Multiplicity:1.42
0.252	0.183	0.564	0.001
0.001	0.535	0.463	0.001
0.001	0.001	0.001	0.997
0.014	0.001	0.672	0.313
0.792	0.206	0.001	0.001
0.001	0.001	0.001	0.997
0.001	0.997	0.001	0.001
0.751	0.001	0.042	0.206
>CCGTCCGG	17-CCGTCCGG	6.291044	-20.870405	0	T:5254.0(43.81%),B:15136.8(41.09%),P:1e-9	Tpos:501.1,Tstd:275.6,Bpos:522.4,Bstd:320.5,StrandBias:-0.0,Multiplicity:2.37
0.100	0.700	0.100	0.100
0.100	0.700	0.100	0.100
0.100	0.100	0.700	0.100
0.100	0.100	0.100	0.700
0.100	0.700	0.100	0.100
0.100	0.700	0.100	0.100
0.100	0.100	0.700	0.100
0.100	0.100	0.700	0.100
>TAACCCTA	18-TAACCCTA	8.236954	-20.119861	0	T:205.0(1.71%),B:405.8(1.10%),P:1e-8	Tpos:511.5,Tstd:240.9,Bpos:525.9,Bstd:326.7,StrandBias:0.1,Multiplicity:6.54
0.100	0.100	0.100	0.700
0.700	0.100	0.100	0.100
0.700	0.100	0.100	0.100
0.100	0.700	0.100	0.100
0.100	0.700	0.100	0.100
0.100	0.700	0.100	0.100
0.100	0.100	0.100	0.700
0.700	0.100	0.100	0.100
>AGTGGAGT	19-AGTGGAGT	10.756629	-11.209160	0	T:452.0(3.77%),B:1135.2(3.08%),P:1e-4	Tpos:483.0,Tstd:291.8,Bpos:487.8,Bstd:307.3,StrandBias:1.0,Multiplicity:2.45
0.997	0.001	0.001	0.001
0.138	0.001	0.860	0.001
0.001	0.001	0.001	0.997
0.001	0.001	0.997	0.001
0.001	0.001	0.997	0.001
0.997	0.001	0.001	0.001
0.150	0.001	0.848	0.001
0.001	0.001	0.001	0.997
>GATGTAAC	20-GATGTAAC	8.236954	-9.544703	0	T:147.0(1.23%),B:324.8(0.88%),P:1e-4	Tpos:501.0,Tstd:298.1,Bpos:465.8,Bstd:299.0,StrandBias:-0.1,Multiplicity:2.38
0.100	0.100	0.700	0.100
0.700	0.100	0.100	0.100
0.100	0.100	0.100	0.700
0.100	0.100	0.700	0.100
0.100	0.100	0.100	0.700
0.700	0.100	0.100	0.100
0.700	0.100	0.100	0.100
0.100	0.700	0.100	0.100
>AATGGAAT	21-AATGGAAT	11.012752	-8.339908	0	T:464.0(3.87%),B:1209.4(3.28%),P:1e-3	Tpos:499.8,Tstd:284.2,Bpos:480.3,Bstd:315.7,StrandBias:0.9,Multiplicity:13.23
0.997	0.001	0.001	0.001
0.997	0.001	0.001	0.001
0.001	0.001	0.001	0.997
0.001	0.053	0.945	0.001
0.001	0.001	0.997	0.001
0.997	0.001	0.001	0.001
0.997	0.001	0.001	0.001
0.001	0.001	0.001	0.997
>TGKKGTGT	22-TGKKGTGT	3.563092	-6.610451	0	T:2823.0(23.54%),B:8246.0(22.39%),P:1e-2	Tpos:507.5,Tstd:277.7,Bpos:498.4,Bstd:295.3,StrandBias:-0.1,Multiplicity:1.82
0.001	0.001	0.001	0.997
0.001	0.001	0.997	0.001
0.001	0.001	0.571	0.427
0.001	0.001	0.548	0.450
0.001	0.001	0.997	0.001
0.001	0.001	0.001	0.997
0.001	0.001	0.997	0.001
0.001	0.001	0.001	0.997
>CCAGCCGC	23-CCAGCCGC	4.877521	-2.269824	0	T:1605.0(13.38%),B:4785.7(12.99%),P:1e0	Tpos:494.3,Tstd:271.1,Bpos:509.3,Bstd:299.3,StrandBias:0.0,Multiplicity:1.98
0.001	0.997	0.001	0.001
0.001	0.958	0.001	0.040
0.997	0.001	0.001	0.001
0.051	0.001	0.947	0.001
0.001	0.997	0.001	0.001
0.001	0.997	0.001	0.001
0.001	0.001	0.997	0.001
0.001	0.997	0.001	0.001
>CCTCCCTC	24-CCTCCCTC	4.161567	-0.641556	0	T:4952.0(41.29%),B:15219.4(41.32%),P:1e0	Tpos:498.2,Tstd:274.0,Bpos:499.9,Bstd:307.6,StrandBias:-0.0,Multiplicity:2.14
0.001	0.997	0.001	0.001
0.001	0.997	0.001	0.001
0.196	0.001	0.001	0.802
0.001	0.997	0.001	0.001
0.001	0.997	0.001	0.001
0.001	0.997	0.001	0.001
0.001	0.001	0.001	0.997
0.001	0.997	0.001	0.001
>CACCACCA	25-CACCACCA	9.427636	-0.000000	0	T:1568.0(13.07%),B:5722.4(15.54%),P:1e0	Tpos:501.8,Tstd:287.7,Bpos:505.5,Bstd:289.6,StrandBias:0.4,Multiplicity:1.50
0.001	0.997	0.001	0.001
0.997	0.001	0.001	0.001
0.001	0.855	0.001	0.143
0.001	0.997	0.001	0.001
0.997	0.001	0.001	0.001
0.001	0.759	0.001	0.239
0.001	0.942	0.056	0.001
0.997	0.001	0.001	0.001
