>ATTCCATTCCAT	1-ATTCCATTCCAT	10.175526	-342.010205	0	T:115.0(0.96%),B:7.8(0.02%),P:1e-148	Tpos:456.4,Tstd:293.4,Bpos:595.8,Bstd:256.1,StrandBias:-0.7,Multiplicity:1.99
0.765	0.035	0.098	0.102
0.071	0.219	0.227	0.484
0.092	0.063	0.050	0.795
0.151	0.529	0.181	0.139
0.100	0.486	0.293	0.121
0.782	0.036	0.104	0.078
0.140	0.212	0.181	0.467
0.062	0.037	0.057	0.844
0.179	0.567	0.143	0.111
0.108	0.558	0.259	0.075
0.702	0.042	0.126	0.130
0.133	0.259	0.107	0.501
>SAWTSGAATSGA	2-SAWTSGAATSGA	11.682967	-321.133300	0	T:117.0(0.98%),B:10.0(0.03%),P:1e-139	Tpos:500.2,Tstd:280.2,Bpos:414.6,Bstd:280.9,StrandBias:1.2,Multiplicity:13.95
0.044	0.414	0.487	0.056
0.993	0.005	0.001	0.001
0.461	0.072	0.104	0.362
0.007	0.001	0.001	0.991
0.065	0.459	0.420	0.056
0.002	0.326	0.663	0.009
0.997	0.001	0.001	0.001
0.507	0.059	0.156	0.278
0.003	0.001	0.001	0.995
0.077	0.414	0.428	0.081
0.079	0.325	0.556	0.040
0.992	0.001	0.005	0.002
>AATGGAATGGAA	3-AATGGAATGGAA	12.711241	-259.183510	0	T:118.0(0.98%),B:16.0(0.04%),P:1e-112	Tpos:522.9,Tstd:277.1,Bpos:514.8,Bstd:214.0,StrandBias:0.9,Multiplicity:2.14
0.923	0.053	0.012	0.012
0.746	0.109	0.110	0.035
0.041	0.032	0.003	0.924
0.070	0.179	0.666	0.085
0.049	0.041	0.859	0.051
0.975	0.010	0.005	0.010
0.746	0.144	0.078	0.032
0.037	0.020	0.004	0.939
0.056	0.200	0.681	0.063
0.070	0.051	0.837	0.042
0.975	0.010	0.007	0.008
0.731	0.143	0.096	0.030
>TGGAATGGAATG	4-TGGAATGGAATG	12.498633	-247.442559	0	T:112.0(0.93%),B:15.5(0.04%),P:1e-107	Tpos:513.8,Tstd:292.4,Bpos:503.4,Bstd:335.0,StrandBias:0.9,Multiplicity:1.84
0.106	0.011	0.001	0.882
0.114	0.175	0.551	0.160
0.130	0.065	0.765	0.040
0.973	0.016	0.007	0.004
0.756	0.098	0.112	0.034
0.005	0.010	0.001	0.984
0.082	0.119	0.727	0.072
0.047	0.052	0.821	0.080
0.948	0.025	0.011	0.016
0.724	0.153	0.099	0.024
0.028	0.032	0.009	0.931
0.140	0.307	0.490	0.062
>CGTTTCGAACGA	5-CGTTTCGAACGA	10.857574	-245.996122	0	T:58.0(0.48%),B:0.8(0.00%),P:1e-106	Tpos:479.9,Tstd:265.3,Bpos:56.0,Bstd:0.0,StrandBias:0.0,Multiplicity:1.93
0.085	0.725	0.095	0.095
0.073	0.093	0.736	0.098
0.060	0.083	0.078	0.779
0.038	0.089	0.070	0.803
0.050	0.085	0.069	0.796
0.083	0.717	0.105	0.095
0.100	0.127	0.692	0.081
0.786	0.092	0.076	0.046
0.791	0.082	0.081	0.046
0.118	0.717	0.094	0.071
0.076	0.106	0.747	0.071
0.712	0.118	0.088	0.082
>TATCCACTTGCA	6-TATCCACTTGCA	12.463717	-216.220106	0	T:66.0(0.55%),B:3.6(0.01%),P:1e-93	Tpos:494.9,Tstd:293.3,Bpos:588.8,Bstd:308.0,StrandBias:0.3,Multiplicity:1.97
0.001	0.001	0.001	0.997
0.997	0.001	0.001	0.001
0.001	0.001	0.001	0.997
0.001	0.997	0.001	0.001
0.001	0.997	0.001	0.001
0.962	0.036	0.001	0.001
0.001	0.997	0.001	0.001
0.001	0.130	0.002	0.867
0.001	0.001	0.001	0.997
0.001	0.001	0.979	0.019
0.001	0.997	0.001	0.001
0.997	0.001	0.001	0.001
>TGATCAGTGCAG	7-TGATCAGTGCAG	10.294140	-199.965831	0	T:49.0(0.41%),B:1.9(0.01%),P:1e-86	Tpos:503.9,Tstd:283.9,Bpos:558.8,Bstd:212.2,StrandBias:0.5,Multiplicity:5.69
0.090	0.100	0.094	0.716
0.113	0.088	0.649	0.150
0.690	0.080	0.100	0.130
0.110	0.098	0.091	0.701
0.116	0.648	0.121	0.115
0.665	0.104	0.128	0.103
0.100	0.103	0.655	0.142
0.105	0.102	0.088	0.705
0.145	0.129	0.616	0.110
0.108	0.627	0.098	0.167
0.681	0.110	0.114	0.095
0.103	0.117	0.648	0.132
>GAAGATATTTCG	8-GAAGATATTTCG	12.836078	-193.620889	0	T:65.0(0.54%),B:4.2(0.01%),P:1e-84	Tpos:494.5,Tstd:276.3,Bpos:530.5,Bstd:320.1,StrandBias:-0.0,Multiplicity:1.65
0.151	0.075	0.773	0.001
0.997	0.001	0.001	0.001
0.588	0.410	0.001	0.001
0.001	0.001	0.923	0.075
0.849	0.075	0.001	0.075
0.001	0.001	0.001	0.997
0.997	0.001	0.001	0.001
0.186	0.001	0.075	0.738
0.075	0.075	0.001	0.849
0.001	0.075	0.001	0.923
0.001	0.997	0.001	0.001
0.033	0.403	0.563	0.001
>TTTCTGAGAATG	9-TTTCTGAGAATG	16.524779	-182.096090	0	T:69.0(0.58%),B:7.0(0.02%),P:1e-79	Tpos:495.7,Tstd:284.8,Bpos:545.0,Bstd:231.4,StrandBias:0.3,Multiplicity:2.41
0.050	0.001	0.001	0.948
0.001	0.001	0.001	0.997
0.001	0.001	0.001	0.997
0.001	0.997	0.001	0.001
0.001	0.022	0.001	0.976
0.001	0.001	0.997	0.001
0.997	0.001	0.001	0.001
0.001	0.001	0.997	0.001
0.997	0.001	0.001	0.001
0.997	0.001	0.001	0.001
0.001	0.004	0.001	0.994
0.001	0.001	0.997	0.001
>GGAATGGAATGG	10-GGAATGGAATGG	12.480878	-177.309027	0	T:125.0(1.04%),B:39.4(0.11%),P:1e-77	Tpos:462.5,Tstd:261.2,Bpos:451.9,Bstd:303.3,StrandBias:0.6,Multiplicity:2.35
0.070	0.327	0.506	0.097
0.086	0.016	0.883	0.015
0.980	0.007	0.011	0.002
0.907	0.018	0.050	0.025
0.041	0.033	0.008	0.918
0.103	0.003	0.763	0.131
0.028	0.008	0.927	0.037
0.981	0.009	0.006	0.004
0.912	0.030	0.039	0.019
0.035	0.022	0.005	0.938
0.087	0.149	0.686	0.078
0.154	0.034	0.783	0.029
>GAGTGTTTCAAA	11-GAGTGTTTCAAA	13.687707	-158.961279	0	T:56.0(0.47%),B:4.6(0.01%),P:1e-69	Tpos:471.9,Tstd:299.7,Bpos:506.9,Bstd:413.4,StrandBias:-0.3,Multiplicity:2.29
0.001	0.001	0.997	0.001
0.996	0.002	0.001	0.001
0.021	0.001	0.977	0.001
0.027	0.001	0.001	0.971
0.001	0.001	0.997	0.001
0.021	0.001	0.001	0.977
0.002	0.001	0.001	0.996
0.006	0.001	0.001	0.992
0.001	0.997	0.001	0.001
0.936	0.001	0.062	0.001
0.958	0.001	0.001	0.040
0.977	0.016	0.001	0.006
>ATGGAATGGAAT	12-ATGGAATGGAAT	11.302421	-136.220097	0	T:132.0(1.10%),B:64.0(0.17%),P:1e-59	Tpos:506.7,Tstd:289.7,Bpos:460.5,Bstd:323.9,StrandBias:0.8,Multiplicity:2.34
0.694	0.224	0.055	0.027
0.059	0.076	0.001	0.864
0.061	0.294	0.454	0.191
0.139	0.038	0.748	0.075
0.971	0.010	0.013	0.006
0.772	0.103	0.064	0.061
0.105	0.069	0.001	0.825
0.066	0.126	0.735	0.073
0.066	0.066	0.832	0.036
0.963	0.035	0.001	0.001
0.709	0.167	0.066	0.058
0.064	0.019	0.001	0.916
>GAATGGAATGGA	13-GAATGGAATGGA	11.411482	-123.935039	0	T:128.0(1.07%),B:67.7(0.18%),P:1e-53	Tpos:472.4,Tstd:297.1,Bpos:560.7,Bstd:310.4,StrandBias:2.0,Multiplicity:3.06
0.093	0.075	0.617	0.215
0.812	0.064	0.013	0.111
0.509	0.108	0.335	0.048
0.060	0.036	0.001	0.903
0.082	0.132	0.633	0.153
0.037	0.037	0.711	0.215
0.942	0.027	0.001	0.030
0.577	0.098	0.242	0.083
0.056	0.058	0.007	0.879
0.085	0.126	0.719	0.070
0.067	0.164	0.588	0.181
0.932	0.011	0.001	0.056
>GAATGGAATGGA	14-GAATGGAATGGA	10.148623	-120.764683	0	T:134.0(1.12%),B:76.5(0.21%),P:1e-52	Tpos:519.7,Tstd:280.7,Bpos:540.9,Bstd:295.0,StrandBias:1.1,Multiplicity:2.64
0.121	0.115	0.656	0.108
0.871	0.051	0.058	0.020
0.488	0.161	0.263	0.088
0.088	0.117	0.001	0.794
0.117	0.191	0.491	0.200
0.106	0.090	0.671	0.133
0.972	0.007	0.003	0.018
0.531	0.182	0.198	0.089
0.131	0.128	0.006	0.735
0.109	0.272	0.518	0.101
0.127	0.157	0.580	0.136
0.874	0.052	0.001	0.073
>TGTAGGCAGACC	15-TGTAGGCAGACC	15.632263	-119.960398	0	T:38.0(0.32%),B:2.1(0.01%),P:1e-52	Tpos:513.6,Tstd:291.6,Bpos:538.2,Bstd:151.6,StrandBias:0.1,Multiplicity:2.82
0.001	0.001	0.001	0.997
0.001	0.001	0.997	0.001
0.001	0.001	0.001	0.997
0.997	0.001	0.001	0.001
0.001	0.001	0.997	0.001
0.001	0.001	0.997	0.001
0.001	0.997	0.001	0.001
0.997	0.001	0.001	0.001
0.001	0.001	0.997	0.001
0.997	0.001	0.001	0.001
0.001	0.561	0.379	0.059
0.001	0.997	0.001	0.001
>SATTCCATTCSA	16-SATTCCATTCSA	10.890202	-119.287401	0	T:128.0(1.07%),B:70.2(0.19%),P:1e-51	Tpos:493.8,Tstd:289.9,Bpos:489.5,Bstd:344.9,StrandBias:-0.5,Multiplicity:3.40
0.059	0.399	0.478	0.063
0.855	0.026	0.041	0.078
0.054	0.091	0.108	0.747
0.027	0.029	0.047	0.897
0.055	0.733	0.081	0.131
0.045	0.836	0.045	0.074
0.794	0.040	0.091	0.075
0.065	0.108	0.039	0.788
0.024	0.042	0.036	0.898
0.064	0.711	0.134	0.091
0.122	0.416	0.391	0.071
0.870	0.028	0.046	0.056
>GATATGTCACAA	17-GATATGTCACAA	10.293061	-98.960546	0	T:42.0(0.35%),B:5.4(0.01%),P:1e-42	Tpos:507.3,Tstd:291.2,Bpos:369.4,Bstd:181.1,StrandBias:0.3,Multiplicity:4.12
0.001	0.001	0.997	0.001
0.997	0.001	0.001	0.001
0.001	0.001	0.001	0.997
0.970	0.028	0.001	0.001
0.001	0.013	0.002	0.984
0.001	0.028	0.970	0.001
0.001	0.001	0.001	0.997
0.001	0.997	0.001	0.001
0.997	0.001	0.001	0.001
0.001	0.997	0.001	0.001
0.958	0.001	0.002	0.039
0.997	0.001	0.001	0.001
>GTTACATCACCT	18-GTTACATCACCT	16.469767	-93.955335	0	T:35.0(0.29%),B:3.8(0.01%),P:1e-40	Tpos:512.7,Tstd:295.5,Bpos:565.9,Bstd:197.6,StrandBias:0.4,Multiplicity:4.29
0.001	0.001	0.997	0.001
0.001	0.001	0.001	0.997
0.001	0.001	0.001	0.997
0.997	0.001	0.001	0.001
0.001	0.899	0.001	0.099
0.997	0.001	0.001	0.001
0.002	0.002	0.007	0.989
0.001	0.997	0.001	0.001
0.997	0.001	0.001	0.001
0.001	0.981	0.017	0.001
0.001	0.995	0.003	0.001
0.001	0.001	0.001	0.997
>TAACCCTAACCC	19-TAACCCTAACCC	16.394746	-51.358074	0	T:42.0(0.35%),B:17.1(0.05%),P:1e-22	Tpos:525.4,Tstd:232.3,Bpos:543.9,Bstd:294.6,StrandBias:-0.1,Multiplicity:24.12
0.019	0.021	0.018	0.942
0.989	0.006	0.001	0.004
0.995	0.001	0.001	0.003
0.003	0.970	0.004	0.023
0.002	0.995	0.002	0.001
0.010	0.986	0.001	0.003
0.010	0.021	0.004	0.965
0.977	0.014	0.001	0.008
0.985	0.008	0.006	0.001
0.012	0.975	0.001	0.012
0.004	0.992	0.003	0.001
0.006	0.992	0.001	0.001
>AATGGAATGGAA	20-AATGGAATGGAA	9.991652	-40.962151	0	T:257.0(2.14%),B:436.4(1.18%),P:1e-17	Tpos:496.2,Tstd:292.4,Bpos:492.7,Bstd:324.4,StrandBias:1.0,Multiplicity:2.33
0.952	0.005	0.032	0.011
0.612	0.076	0.247	0.065
0.056	0.062	0.001	0.881
0.126	0.089	0.572	0.213
0.039	0.058	0.781	0.122
0.979	0.011	0.009	0.001
0.602	0.176	0.136	0.086
0.078	0.028	0.004	0.890
0.076	0.198	0.618	0.108
0.112	0.172	0.670	0.046
0.968	0.029	0.002	0.001
0.700	0.137	0.096	0.067
>GTGGTGGTGGTG	21-GTGGTGGTGGTG	11.735326	-26.775595	0	T:288.0(2.40%),B:573.0(1.56%),P:1e-11	Tpos:502.9,Tstd:285.0,Bpos:506.7,Bstd:296.8,StrandBias:-0.7,Multiplicity:1.89
0.241	0.001	0.757	0.001
0.001	0.001	0.001	0.997
0.058	0.001	0.940	0.001
0.254	0.001	0.744	0.001
0.001	0.001	0.001	0.997
0.001	0.001	0.997	0.001
0.171	0.001	0.827	0.001
0.078	0.001	0.001	0.920
0.102	0.001	0.896	0.001
0.325	0.001	0.673	0.001
0.153	0.001	0.001	0.845
0.104	0.001	0.894	0.001
>ACACACCACACA	22-ACACACCACACA	11.743175	-25.822061	0	T:196.0(1.63%),B:356.7(0.97%),P:1e-11	Tpos:502.5,Tstd:263.9,Bpos:466.1,Bstd:258.3,StrandBias:0.5,Multiplicity:6.59
0.781	0.213	0.001	0.005
0.001	0.921	0.027	0.051
0.995	0.003	0.001	0.001
0.015	0.931	0.001	0.053
0.793	0.180	0.026	0.001
0.092	0.800	0.081	0.027
0.238	0.746	0.001	0.015
0.502	0.287	0.005	0.206
0.001	0.896	0.001	0.102
0.987	0.001	0.001	0.011
0.015	0.906	0.001	0.078
0.909	0.089	0.001	0.001
>GGGGGGCTGACC	23-GGGGGGCTGACC	13.456598	-22.718945	0	T:122.0(1.02%),B:199.4(0.54%),P:1e-9	Tpos:497.6,Tstd:269.2,Bpos:490.1,Bstd:246.9,StrandBias:0.1,Multiplicity:5.77
0.055	0.011	0.900	0.034
0.087	0.009	0.806	0.098
0.020	0.001	0.978	0.001
0.048	0.285	0.637	0.030
0.119	0.001	0.837	0.043
0.038	0.009	0.949	0.004
0.011	0.552	0.147	0.290
0.012	0.366	0.001	0.621
0.008	0.021	0.967	0.004
0.631	0.001	0.367	0.001
0.028	0.819	0.009	0.144
0.248	0.677	0.035	0.040
>CGTCCGGGAGGG	24-CGTCCGGGAGGG	16.144915	-19.803863	0	T:124.0(1.03%),B:214.8(0.58%),P:1e-8	Tpos:488.5,Tstd:256.0,Bpos:495.3,Bstd:249.2,StrandBias:0.0,Multiplicity:6.27
0.023	0.944	0.001	0.032
0.030	0.001	0.968	0.001
0.001	0.001	0.001	0.997
0.001	0.997	0.001	0.001
0.001	0.994	0.004	0.001
0.013	0.001	0.985	0.001
0.002	0.022	0.975	0.001
0.001	0.027	0.970	0.002
0.995	0.003	0.001	0.001
0.001	0.001	0.997	0.001
0.001	0.001	0.997	0.001
0.002	0.001	0.736	0.261
>GGCCAGCCGCCC	25-GGCCAGCCGCCC	12.848553	-15.628856	0	T:133.0(1.11%),B:254.0(0.69%),P:1e-6	Tpos:489.7,Tstd:261.3,Bpos:503.1,Bstd:254.4,StrandBias:0.0,Multiplicity:10.56
0.001	0.001	0.997	0.001
0.001	0.001	0.997	0.001
0.001	0.997	0.001	0.001
0.001	0.997	0.001	0.001
0.997	0.001	0.001	0.001
0.001	0.001	0.997	0.001
0.001	0.988	0.001	0.010
0.001	0.982	0.001	0.016
0.024	0.001	0.974	0.001
0.001	0.997	0.001	0.001
0.001	0.997	0.001	0.001
0.001	0.997	0.001	0.001
