>TCGAATGGAA	1-TCGAATGGAA	10.205652	-285.703079	0	T:104.0(0.87%),B:9.0(0.02%),P:1e-124	Tpos:553.6,Tstd:295.8,Bpos:403.2,Bstd:336.1,StrandBias:0.9,Multiplicity:1.21
0.063	0.083	0.045	0.809
0.048	0.612	0.306	0.034
0.039	0.116	0.743	0.102
0.791	0.025	0.146	0.038
0.515	0.097	0.241	0.147
0.067	0.134	0.032	0.767
0.095	0.181	0.675	0.049
0.138	0.063	0.711	0.088
0.777	0.038	0.133	0.052
0.602	0.097	0.210	0.091
>CGAATGGAAT	2-CGAATGGAAT	13.118258	-273.773325	0	T:104.0(0.87%),B:9.5(0.03%),P:1e-118	Tpos:497.2,Tstd:285.3,Bpos:579.8,Bstd:415.9,StrandBias:0.6,Multiplicity:2.80
0.001	0.622	0.376	0.001
0.001	0.001	0.997	0.001
0.997	0.001	0.001	0.001
0.817	0.026	0.156	0.001
0.001	0.001	0.001	0.997
0.001	0.033	0.965	0.001
0.001	0.001	0.997	0.001
0.997	0.001	0.001	0.001
0.986	0.001	0.012	0.001
0.001	0.001	0.001	0.997
>GRATATTCSG	3-GRATATTCSG	9.488522	-186.603264	0	T:257.0(2.14%),B:180.9(0.49%),P:1e-81	Tpos:505.8,Tstd:282.6,Bpos:472.1,Bstd:312.3,StrandBias:0.2,Multiplicity:1.30
0.001	0.308	0.534	0.157
0.324	0.158	0.402	0.116
0.833	0.163	0.002	0.002
0.001	0.001	0.143	0.855
0.974	0.008	0.009	0.009
0.013	0.004	0.015	0.968
0.018	0.001	0.112	0.869
0.006	0.455	0.291	0.249
0.001	0.442	0.556	0.001
0.010	0.129	0.855	0.006
>AATCGAATGG	4-AATCGAATGG	11.676585	-165.744334	0	T:83.0(0.69%),B:14.5(0.04%),P:1e-71	Tpos:543.7,Tstd:279.9,Bpos:279.5,Bstd:178.3,StrandBias:1.0,Multiplicity:3.14
0.754	0.244	0.001	0.001
0.641	0.357	0.001	0.001
0.001	0.001	0.001	0.997
0.001	0.625	0.373	0.001
0.001	0.001	0.997	0.001
0.997	0.001	0.001	0.001
0.626	0.372	0.001	0.001
0.001	0.001	0.001	0.997
0.023	0.373	0.603	0.001
0.001	0.001	0.997	0.001
>ATGGAATGGA	5-ATGGAATGGA	10.159632	-104.891023	0	T:146.0(1.22%),B:104.3(0.28%),P:1e-45	Tpos:489.6,Tstd:281.7,Bpos:468.9,Bstd:306.5,StrandBias:1.1,Multiplicity:25.96
0.997	0.001	0.001	0.001
0.001	0.027	0.001	0.971
0.001	0.044	0.954	0.001
0.001	0.001	0.997	0.001
0.997	0.001	0.001	0.001
0.997	0.001	0.001	0.001
0.001	0.001	0.001	0.997
0.001	0.021	0.977	0.001
0.001	0.001	0.997	0.001
0.997	0.001	0.001	0.001
>ATSGAATSGA	6-ATSGAATSGA	9.670346	-101.295721	0	T:145.0(1.21%),B:106.5(0.29%),P:1e-43	Tpos:460.7,Tstd:324.2,Bpos:531.1,Bstd:280.3,StrandBias:0.4,Multiplicity:1.25
0.629	0.032	0.296	0.043
0.001	0.069	0.001	0.929
0.056	0.458	0.467	0.019
0.232	0.052	0.596	0.120
0.988	0.001	0.010	0.001
0.567	0.072	0.338	0.023
0.055	0.234	0.028	0.683
0.146	0.388	0.465	0.001
0.001	0.001	0.653	0.345
0.977	0.001	0.001	0.021
>AATGGAATSG	7-AATGGAATSG	9.336076	-99.797679	0	T:176.0(1.47%),B:153.2(0.42%),P:1e-43	Tpos:535.9,Tstd:301.9,Bpos:478.1,Bstd:305.0,StrandBias:1.1,Multiplicity:1.22
0.891	0.001	0.073	0.035
0.831	0.001	0.085	0.083
0.037	0.093	0.028	0.842
0.110	0.197	0.653	0.040
0.141	0.055	0.649	0.155
0.913	0.077	0.001	0.009
0.709	0.141	0.113	0.037
0.135	0.037	0.076	0.752
0.054	0.515	0.405	0.026
0.070	0.088	0.821	0.021
>GGAATGGAAT	8-GGAATGGAAT	11.393907	-99.444971	0	T:143.0(1.19%),B:105.1(0.29%),P:1e-43	Tpos:518.2,Tstd:283.1,Bpos:496.7,Bstd:317.4,StrandBias:0.7,Multiplicity:2.35
0.014	0.360	0.547	0.079
0.105	0.040	0.815	0.040
0.983	0.007	0.006	0.004
0.575	0.088	0.301	0.036
0.023	0.030	0.006	0.941
0.068	0.165	0.723	0.044
0.043	0.048	0.878	0.031
0.976	0.009	0.010	0.005
0.596	0.118	0.258	0.028
0.020	0.012	0.001	0.967
>ATTCTCAGAA	9-ATTCTCAGAA	7.015492	-98.769552	0	T:133.0(1.11%),B:92.9(0.25%),P:1e-42	Tpos:508.6,Tstd:280.0,Bpos:525.0,Bstd:300.6,StrandBias:-0.2,Multiplicity:2.16
0.997	0.001	0.001	0.001
0.001	0.001	0.001	0.997
0.001	0.001	0.001	0.997
0.001	0.997	0.001	0.001
0.001	0.001	0.034	0.964
0.001	0.997	0.001	0.001
0.966	0.032	0.001	0.001
0.001	0.001	0.997	0.001
0.997	0.001	0.001	0.001
0.997	0.001	0.001	0.001
>GAATGGAATG	10-GAATGGAATG	10.948179	-84.126390	0	T:152.0(1.27%),B:136.0(0.37%),P:1e-36	Tpos:510.6,Tstd:288.7,Bpos:456.3,Bstd:310.0,StrandBias:0.8,Multiplicity:2.19
0.033	0.022	0.925	0.020
0.997	0.001	0.001	0.001
0.890	0.015	0.078	0.017
0.038	0.007	0.001	0.954
0.102	0.012	0.770	0.116
0.022	0.031	0.907	0.040
0.997	0.001	0.001	0.001
0.884	0.048	0.052	0.016
0.027	0.022	0.001	0.950
0.065	0.116	0.786	0.033
>AATRGAATGG	11-AATRGAATGG	12.660587	-81.872393	0	T:154.0(1.28%),B:141.2(0.38%),P:1e-35	Tpos:502.1,Tstd:282.0,Bpos:468.4,Bstd:331.7,StrandBias:0.5,Multiplicity:1.75
0.997	0.001	0.001	0.001
0.709	0.001	0.289	0.001
0.001	0.001	0.001	0.997
0.472	0.001	0.526	0.001
0.001	0.001	0.997	0.001
0.997	0.001	0.001	0.001
0.917	0.001	0.081	0.001
0.001	0.001	0.001	0.997
0.001	0.001	0.997	0.001
0.001	0.001	0.997	0.001
>YTCCAKTCYA	12-YTCCAKTCYA	9.485865	-66.224308	0	T:645.0(5.38%),B:1242.8(3.37%),P:1e-28	Tpos:517.5,Tstd:295.6,Bpos:491.8,Bstd:305.7,StrandBias:-0.4,Multiplicity:1.27
0.072	0.368	0.202	0.358
0.001	0.001	0.001	0.997
0.014	0.984	0.001	0.001
0.001	0.698	0.157	0.144
0.627	0.001	0.371	0.001
0.025	0.098	0.421	0.456
0.010	0.001	0.001	0.988
0.001	0.997	0.001	0.001
0.206	0.370	0.061	0.364
0.915	0.001	0.017	0.067
>TACTGGGAAG	13-TACTGGGAAG	6.975559	-53.997433	0	T:266.0(2.22%),B:412.4(1.12%),P:1e-23	Tpos:481.6,Tstd:276.2,Bpos:505.8,Bstd:280.5,StrandBias:0.1,Multiplicity:2.44
0.001	0.001	0.001	0.997
0.997	0.001	0.001	0.001
0.001	0.997	0.001	0.001
0.001	0.001	0.001	0.997
0.001	0.001	0.997	0.001
0.001	0.013	0.898	0.088
0.001	0.001	0.997	0.001
0.986	0.001	0.001	0.012
0.987	0.011	0.001	0.001
0.001	0.001	0.997	0.001
>GATCAGTGCA	14-GATCAGTGCA	10.296193	-51.678484	0	T:50.0(0.42%),B:25.2(0.07%),P:1e-22	Tpos:513.9,Tstd:278.8,Bpos:447.1,Bstd:273.9,StrandBias:0.4,Multiplicity:6.18
0.100	0.100	0.700	0.100
0.700	0.100	0.100	0.100
0.100	0.100	0.100	0.700
0.100	0.700	0.100	0.100
0.700	0.100	0.100	0.100
0.100	0.100	0.700	0.100
0.100	0.100	0.100	0.700
0.100	0.100	0.700	0.100
0.100	0.700	0.100	0.100
0.700	0.100	0.100	0.100
>GAATGGAATG	15-GAATGGAATG	9.946953	-48.520453	0	T:192.0(1.60%),B:272.5(0.74%),P:1e-21	Tpos:553.4,Tstd:268.5,Bpos:491.4,Bstd:310.1,StrandBias:0.5,Multiplicity:1.56
0.056	0.007	0.796	0.141
0.928	0.025	0.001	0.046
0.472	0.244	0.217	0.067
0.001	0.034	0.001	0.964
0.121	0.194	0.533	0.152
0.089	0.005	0.716	0.190
0.922	0.075	0.001	0.002
0.531	0.096	0.338	0.035
0.023	0.056	0.001	0.920
0.103	0.202	0.667	0.028
>GTTAGGGAGG	16-GTTAGGGAGG	10.385334	-44.063707	0	T:578.0(4.82%),B:1197.3(3.25%),P:1e-19	Tpos:497.8,Tstd:266.2,Bpos:500.6,Bstd:281.2,StrandBias:0.0,Multiplicity:3.12
0.001	0.001	0.997	0.001
0.001	0.001	0.001	0.997
0.001	0.253	0.001	0.745
0.752	0.246	0.001	0.001
0.001	0.001	0.997	0.001
0.001	0.001	0.787	0.211
0.001	0.001	0.997	0.001
0.997	0.001	0.001	0.001
0.001	0.001	0.997	0.001
0.001	0.001	0.780	0.218
>SGAATGGAAT	17-SGAATGGAAT	9.253726	-43.403374	0	T:222.0(1.85%),B:350.1(0.95%),P:1e-18	Tpos:466.7,Tstd:281.7,Bpos:497.9,Bstd:339.5,StrandBias:0.8,Multiplicity:1.68
0.001	0.449	0.427	0.123
0.063	0.117	0.638	0.182
0.894	0.001	0.001	0.104
0.662	0.087	0.193	0.058
0.051	0.011	0.001	0.937
0.072	0.207	0.642	0.079
0.032	0.090	0.611	0.267
0.997	0.001	0.001	0.001
0.511	0.221	0.233	0.035
0.025	0.001	0.001	0.973
>GATATGTCAC	18-GATATGTCAC	10.296193	-42.312545	0	T:43.0(0.36%),B:23.1(0.06%),P:1e-18	Tpos:513.7,Tstd:282.7,Bpos:540.9,Bstd:285.1,StrandBias:0.4,Multiplicity:3.81
0.100	0.100	0.700	0.100
0.700	0.100	0.100	0.100
0.100	0.100	0.100	0.700
0.700	0.100	0.100	0.100
0.100	0.100	0.100	0.700
0.100	0.100	0.700	0.100
0.100	0.100	0.100	0.700
0.100	0.700	0.100	0.100
0.700	0.100	0.100	0.100
0.100	0.700	0.100	0.100
>TGTGTGGTGT	19-TGTGTGGTGT	9.156659	-38.838534	0	T:953.0(7.95%),B:2218.9(6.02%),P:1e-16	Tpos:500.4,Tstd:274.1,Bpos:488.1,Bstd:286.0,StrandBias:-0.3,Multiplicity:2.60
0.044	0.007	0.043	0.906
0.016	0.002	0.875	0.107
0.026	0.006	0.016	0.952
0.053	0.003	0.943	0.001
0.085	0.027	0.347	0.541
0.050	0.006	0.563	0.381
0.098	0.029	0.684	0.189
0.028	0.077	0.261	0.634
0.017	0.001	0.961	0.021
0.040	0.006	0.013	0.941
>GTGATGTAAC	20-GTGATGTAAC	11.952027	-35.876249	0	T:50.0(0.42%),B:37.7(0.10%),P:1e-15	Tpos:505.6,Tstd:294.0,Bpos:385.9,Bstd:303.1,StrandBias:-0.4,Multiplicity:4.50
0.001	0.001	0.997	0.001
0.001	0.001	0.001	0.997
0.001	0.001	0.997	0.001
0.997	0.001	0.001	0.001
0.001	0.001	0.001	0.997
0.152	0.001	0.846	0.001
0.001	0.001	0.001	0.997
0.997	0.001	0.001	0.001
0.997	0.001	0.001	0.001
0.001	0.997	0.001	0.001
>TAACCCTAAC	21-TAACCCTAAC	10.296193	-32.495534	0	T:55.0(0.46%),B:48.4(0.13%),P:1e-14	Tpos:524.3,Tstd:231.8,Bpos:555.8,Bstd:286.6,StrandBias:-0.1,Multiplicity:19.36
0.100	0.100	0.100	0.700
0.700	0.100	0.100	0.100
0.700	0.100	0.100	0.100
0.100	0.700	0.100	0.100
0.100	0.700	0.100	0.100
0.100	0.700	0.100	0.100
0.100	0.100	0.100	0.700
0.700	0.100	0.100	0.100
0.700	0.100	0.100	0.100
0.100	0.700	0.100	0.100
>GGGGGGSTSA	22-GGGGGGSTSA	12.575661	-20.551465	0	T:147.0(1.23%),B:264.4(0.72%),P:1e-8	Tpos:492.8,Tstd:266.9,Bpos:498.5,Bstd:251.8,StrandBias:-0.1,Multiplicity:5.37
0.001	0.001	0.997	0.001
0.001	0.001	0.997	0.001
0.001	0.001	0.997	0.001
0.001	0.001	0.997	0.001
0.001	0.001	0.997	0.001
0.001	0.001	0.997	0.001
0.045	0.439	0.515	0.001
0.001	0.001	0.001	0.997
0.001	0.549	0.439	0.011
0.997	0.001	0.001	0.001
>ACCACCATCA	23-ACCACCATCA	12.102818	-15.612206	0	T:282.0(2.35%),B:630.5(1.71%),P:1e-6	Tpos:499.5,Tstd:284.6,Bpos:503.9,Bstd:289.8,StrandBias:0.7,Multiplicity:2.40
0.997	0.001	0.001	0.001
0.001	0.777	0.001	0.221
0.001	0.997	0.001	0.001
0.997	0.001	0.001	0.001
0.001	0.648	0.001	0.350
0.001	0.997	0.001	0.001
0.997	0.001	0.001	0.001
0.001	0.352	0.001	0.646
0.001	0.997	0.001	0.001
0.997	0.001	0.001	0.001
>GAGTGGAGTG	24-GAGTGGAGTG	13.439512	-10.038806	0	T:86.0(0.72%),B:167.5(0.45%),P:1e-4	Tpos:482.4,Tstd:290.0,Bpos:504.8,Bstd:330.8,StrandBias:1.4,Multiplicity:5.74
0.062	0.001	0.775	0.162
0.997	0.001	0.001	0.001
0.020	0.001	0.973	0.006
0.001	0.004	0.001	0.994
0.012	0.008	0.979	0.001
0.007	0.001	0.915	0.077
0.997	0.001	0.001	0.001
0.001	0.001	0.997	0.001
0.001	0.002	0.001	0.996
0.010	0.001	0.988	0.001
>GGCCRGCCGS	25-GGCCRGCCGS	11.424977	-0.934632	0	T:709.0(5.91%),B:2155.6(5.85%),P:1e0	Tpos:497.4,Tstd:267.0,Bpos:512.6,Bstd:280.6,StrandBias:0.0,Multiplicity:2.97
0.001	0.001	0.997	0.001
0.001	0.001	0.997	0.001
0.001	0.997	0.001	0.001
0.001	0.596	0.001	0.402
0.486	0.001	0.512	0.001
0.001	0.001	0.997	0.001
0.001	0.889	0.109	0.001
0.001	0.997	0.001	0.001
0.001	0.001	0.997	0.001
0.001	0.486	0.512	0.001
>ATTCCATTCCAT	1-ATTCCATTCCAT	10.175526	-342.010205	0	T:115.0(0.96%),B:7.8(0.02%),P:1e-148	Tpos:456.4,Tstd:293.4,Bpos:595.8,Bstd:256.1,StrandBias:-0.7,Multiplicity:1.99
0.765	0.035	0.098	0.102
0.071	0.219	0.227	0.484
0.092	0.063	0.050	0.795
0.151	0.529	0.181	0.139
0.100	0.486	0.293	0.121
0.782	0.036	0.104	0.078
0.140	0.212	0.181	0.467
0.062	0.037	0.057	0.844
0.179	0.567	0.143	0.111
0.108	0.558	0.259	0.075
0.702	0.042	0.126	0.130
0.133	0.259	0.107	0.501
>SAWTSGAATSGA	2-SAWTSGAATSGA	11.682967	-321.133300	0	T:117.0(0.98%),B:10.0(0.03%),P:1e-139	Tpos:500.2,Tstd:280.2,Bpos:414.6,Bstd:280.9,StrandBias:1.2,Multiplicity:13.95
0.044	0.414	0.487	0.056
0.993	0.005	0.001	0.001
0.461	0.072	0.104	0.362
0.007	0.001	0.001	0.991
0.065	0.459	0.420	0.056
0.002	0.326	0.663	0.009
0.997	0.001	0.001	0.001
0.507	0.059	0.156	0.278
0.003	0.001	0.001	0.995
0.077	0.414	0.428	0.081
0.079	0.325	0.556	0.040
0.992	0.001	0.005	0.002
>AATGGAATGGAA	3-AATGGAATGGAA	12.711241	-259.183510	0	T:118.0(0.98%),B:16.0(0.04%),P:1e-112	Tpos:522.9,Tstd:277.1,Bpos:514.8,Bstd:214.0,StrandBias:0.9,Multiplicity:2.14
0.923	0.053	0.012	0.012
0.746	0.109	0.110	0.035
0.041	0.032	0.003	0.924
0.070	0.179	0.666	0.085
0.049	0.041	0.859	0.051
0.975	0.010	0.005	0.010
0.746	0.144	0.078	0.032
0.037	0.020	0.004	0.939
0.056	0.200	0.681	0.063
0.070	0.051	0.837	0.042
0.975	0.010	0.007	0.008
0.731	0.143	0.096	0.030
>TGGAATGGAATG	4-TGGAATGGAATG	12.498633	-247.442559	0	T:112.0(0.93%),B:15.5(0.04%),P:1e-107	Tpos:513.8,Tstd:292.4,Bpos:503.4,Bstd:335.0,StrandBias:0.9,Multiplicity:1.84
0.106	0.011	0.001	0.882
0.114	0.175	0.551	0.160
0.130	0.065	0.765	0.040
0.973	0.016	0.007	0.004
0.756	0.098	0.112	0.034
0.005	0.010	0.001	0.984
0.082	0.119	0.727	0.072
0.047	0.052	0.821	0.080
0.948	0.025	0.011	0.016
0.724	0.153	0.099	0.024
0.028	0.032	0.009	0.931
0.140	0.307	0.490	0.062
>CGTTTCGAACGA	5-CGTTTCGAACGA	10.857574	-245.996122	0	T:58.0(0.48%),B:0.8(0.00%),P:1e-106	Tpos:479.9,Tstd:265.3,Bpos:56.0,Bstd:0.0,StrandBias:0.0,Multiplicity:1.93
0.085	0.725	0.095	0.095
0.073	0.093	0.736	0.098
0.060	0.083	0.078	0.779
0.038	0.089	0.070	0.803
0.050	0.085	0.069	0.796
0.083	0.717	0.105	0.095
0.100	0.127	0.692	0.081
0.786	0.092	0.076	0.046
0.791	0.082	0.081	0.046
0.118	0.717	0.094	0.071
0.076	0.106	0.747	0.071
0.712	0.118	0.088	0.082
>TATCCACTTGCA	6-TATCCACTTGCA	12.463717	-216.220106	0	T:66.0(0.55%),B:3.6(0.01%),P:1e-93	Tpos:494.9,Tstd:293.3,Bpos:588.8,Bstd:308.0,StrandBias:0.3,Multiplicity:1.97
0.001	0.001	0.001	0.997
0.997	0.001	0.001	0.001
0.001	0.001	0.001	0.997
0.001	0.997	0.001	0.001
0.001	0.997	0.001	0.001
0.962	0.036	0.001	0.001
0.001	0.997	0.001	0.001
0.001	0.130	0.002	0.867
0.001	0.001	0.001	0.997
0.001	0.001	0.979	0.019
0.001	0.997	0.001	0.001
0.997	0.001	0.001	0.001
>TGATCAGTGCAG	7-TGATCAGTGCAG	10.294140	-199.965831	0	T:49.0(0.41%),B:1.9(0.01%),P:1e-86	Tpos:503.9,Tstd:283.9,Bpos:558.8,Bstd:212.2,StrandBias:0.5,Multiplicity:5.69
0.090	0.100	0.094	0.716
0.113	0.088	0.649	0.150
0.690	0.080	0.100	0.130
0.110	0.098	0.091	0.701
0.116	0.648	0.121	0.115
0.665	0.104	0.128	0.103
0.100	0.103	0.655	0.142
0.105	0.102	0.088	0.705
0.145	0.129	0.616	0.110
0.108	0.627	0.098	0.167
0.681	0.110	0.114	0.095
0.103	0.117	0.648	0.132
>GAAGATATTTCG	8-GAAGATATTTCG	12.836078	-193.620889	0	T:65.0(0.54%),B:4.2(0.01%),P:1e-84	Tpos:494.5,Tstd:276.3,Bpos:530.5,Bstd:320.1,StrandBias:-0.0,Multiplicity:1.65
0.151	0.075	0.773	0.001
0.997	0.001	0.001	0.001
0.588	0.410	0.001	0.001
0.001	0.001	0.923	0.075
0.849	0.075	0.001	0.075
0.001	0.001	0.001	0.997
0.997	0.001	0.001	0.001
0.186	0.001	0.075	0.738
0.075	0.075	0.001	0.849
0.001	0.075	0.001	0.923
0.001	0.997	0.001	0.001
0.033	0.403	0.563	0.001
>TTTCTGAGAATG	9-TTTCTGAGAATG	16.524779	-182.096090	0	T:69.0(0.58%),B:7.0(0.02%),P:1e-79	Tpos:495.7,Tstd:284.8,Bpos:545.0,Bstd:231.4,StrandBias:0.3,Multiplicity:2.41
0.050	0.001	0.001	0.948
0.001	0.001	0.001	0.997
0.001	0.001	0.001	0.997
0.001	0.997	0.001	0.001
0.001	0.022	0.001	0.976
0.001	0.001	0.997	0.001
0.997	0.001	0.001	0.001
0.001	0.001	0.997	0.001
0.997	0.001	0.001	0.001
0.997	0.001	0.001	0.001
0.001	0.004	0.001	0.994
0.001	0.001	0.997	0.001
>GGAATGGAATGG	10-GGAATGGAATGG	12.480878	-177.309027	0	T:125.0(1.04%),B:39.4(0.11%),P:1e-77	Tpos:462.5,Tstd:261.2,Bpos:451.9,Bstd:303.3,StrandBias:0.6,Multiplicity:2.35
0.070	0.327	0.506	0.097
0.086	0.016	0.883	0.015
0.980	0.007	0.011	0.002
0.907	0.018	0.050	0.025
0.041	0.033	0.008	0.918
0.103	0.003	0.763	0.131
0.028	0.008	0.927	0.037
0.981	0.009	0.006	0.004
0.912	0.030	0.039	0.019
0.035	0.022	0.005	0.938
0.087	0.149	0.686	0.078
0.154	0.034	0.783	0.029
>GAGTGTTTCAAA	11-GAGTGTTTCAAA	13.687707	-158.961279	0	T:56.0(0.47%),B:4.6(0.01%),P:1e-69	Tpos:471.9,Tstd:299.7,Bpos:506.9,Bstd:413.4,StrandBias:-0.3,Multiplicity:2.29
0.001	0.001	0.997	0.001
0.996	0.002	0.001	0.001
0.021	0.001	0.977	0.001
0.027	0.001	0.001	0.971
0.001	0.001	0.997	0.001
0.021	0.001	0.001	0.977
0.002	0.001	0.001	0.996
0.006	0.001	0.001	0.992
0.001	0.997	0.001	0.001
0.936	0.001	0.062	0.001
0.958	0.001	0.001	0.040
0.977	0.016	0.001	0.006
>ATGGAATGGAAT	12-ATGGAATGGAAT	11.302421	-136.220097	0	T:132.0(1.10%),B:64.0(0.17%),P:1e-59	Tpos:506.7,Tstd:289.7,Bpos:460.5,Bstd:323.9,StrandBias:0.8,Multiplicity:2.34
0.694	0.224	0.055	0.027
0.059	0.076	0.001	0.864
0.061	0.294	0.454	0.191
0.139	0.038	0.748	0.075
0.971	0.010	0.013	0.006
0.772	0.103	0.064	0.061
0.105	0.069	0.001	0.825
0.066	0.126	0.735	0.073
0.066	0.066	0.832	0.036
0.963	0.035	0.001	0.001
0.709	0.167	0.066	0.058
0.064	0.019	0.001	0.916
>GAATGGAATGGA	13-GAATGGAATGGA	11.411482	-123.935039	0	T:128.0(1.07%),B:67.7(0.18%),P:1e-53	Tpos:472.4,Tstd:297.1,Bpos:560.7,Bstd:310.4,StrandBias:2.0,Multiplicity:3.06
0.093	0.075	0.617	0.215
0.812	0.064	0.013	0.111
0.509	0.108	0.335	0.048
0.060	0.036	0.001	0.903
0.082	0.132	0.633	0.153
0.037	0.037	0.711	0.215
0.942	0.027	0.001	0.030
0.577	0.098	0.242	0.083
0.056	0.058	0.007	0.879
0.085	0.126	0.719	0.070
0.067	0.164	0.588	0.181
0.932	0.011	0.001	0.056
>GAATGGAATGGA	14-GAATGGAATGGA	10.148623	-120.764683	0	T:134.0(1.12%),B:76.5(0.21%),P:1e-52	Tpos:519.7,Tstd:280.7,Bpos:540.9,Bstd:295.0,StrandBias:1.1,Multiplicity:2.64
0.121	0.115	0.656	0.108
0.871	0.051	0.058	0.020
0.488	0.161	0.263	0.088
0.088	0.117	0.001	0.794
0.117	0.191	0.491	0.200
0.106	0.090	0.671	0.133
0.972	0.007	0.003	0.018
0.531	0.182	0.198	0.089
0.131	0.128	0.006	0.735
0.109	0.272	0.518	0.101
0.127	0.157	0.580	0.136
0.874	0.052	0.001	0.073
>TGTAGGCAGACC	15-TGTAGGCAGACC	15.632263	-119.960398	0	T:38.0(0.32%),B:2.1(0.01%),P:1e-52	Tpos:513.6,Tstd:291.6,Bpos:538.2,Bstd:151.6,StrandBias:0.1,Multiplicity:2.82
0.001	0.001	0.001	0.997
0.001	0.001	0.997	0.001
0.001	0.001	0.001	0.997
0.997	0.001	0.001	0.001
0.001	0.001	0.997	0.001
0.001	0.001	0.997	0.001
0.001	0.997	0.001	0.001
0.997	0.001	0.001	0.001
0.001	0.001	0.997	0.001
0.997	0.001	0.001	0.001
0.001	0.561	0.379	0.059
0.001	0.997	0.001	0.001
>SATTCCATTCSA	16-SATTCCATTCSA	10.890202	-119.287401	0	T:128.0(1.07%),B:70.2(0.19%),P:1e-51	Tpos:493.8,Tstd:289.9,Bpos:489.5,Bstd:344.9,StrandBias:-0.5,Multiplicity:3.40
0.059	0.399	0.478	0.063
0.855	0.026	0.041	0.078
0.054	0.091	0.108	0.747
0.027	0.029	0.047	0.897
0.055	0.733	0.081	0.131
0.045	0.836	0.045	0.074
0.794	0.040	0.091	0.075
0.065	0.108	0.039	0.788
0.024	0.042	0.036	0.898
0.064	0.711	0.134	0.091
0.122	0.416	0.391	0.071
0.870	0.028	0.046	0.056
>GATATGTCACAA	17-GATATGTCACAA	10.293061	-98.960546	0	T:42.0(0.35%),B:5.4(0.01%),P:1e-42	Tpos:507.3,Tstd:291.2,Bpos:369.4,Bstd:181.1,StrandBias:0.3,Multiplicity:4.12
0.001	0.001	0.997	0.001
0.997	0.001	0.001	0.001
0.001	0.001	0.001	0.997
0.970	0.028	0.001	0.001
0.001	0.013	0.002	0.984
0.001	0.028	0.970	0.001
0.001	0.001	0.001	0.997
0.001	0.997	0.001	0.001
0.997	0.001	0.001	0.001
0.001	0.997	0.001	0.001
0.958	0.001	0.002	0.039
0.997	0.001	0.001	0.001
>GTTACATCACCT	18-GTTACATCACCT	16.469767	-93.955335	0	T:35.0(0.29%),B:3.8(0.01%),P:1e-40	Tpos:512.7,Tstd:295.5,Bpos:565.9,Bstd:197.6,StrandBias:0.4,Multiplicity:4.29
0.001	0.001	0.997	0.001
0.001	0.001	0.001	0.997
0.001	0.001	0.001	0.997
0.997	0.001	0.001	0.001
0.001	0.899	0.001	0.099
0.997	0.001	0.001	0.001
0.002	0.002	0.007	0.989
0.001	0.997	0.001	0.001
0.997	0.001	0.001	0.001
0.001	0.981	0.017	0.001
0.001	0.995	0.003	0.001
0.001	0.001	0.001	0.997
>TAACCCTAACCC	19-TAACCCTAACCC	16.394746	-51.358074	0	T:42.0(0.35%),B:17.1(0.05%),P:1e-22	Tpos:525.4,Tstd:232.3,Bpos:543.9,Bstd:294.6,StrandBias:-0.1,Multiplicity:24.12
0.019	0.021	0.018	0.942
0.989	0.006	0.001	0.004
0.995	0.001	0.001	0.003
0.003	0.970	0.004	0.023
0.002	0.995	0.002	0.001
0.010	0.986	0.001	0.003
0.010	0.021	0.004	0.965
0.977	0.014	0.001	0.008
0.985	0.008	0.006	0.001
0.012	0.975	0.001	0.012
0.004	0.992	0.003	0.001
0.006	0.992	0.001	0.001
>AATGGAATGGAA	20-AATGGAATGGAA	9.991652	-40.962151	0	T:257.0(2.14%),B:436.4(1.18%),P:1e-17	Tpos:496.2,Tstd:292.4,Bpos:492.7,Bstd:324.4,StrandBias:1.0,Multiplicity:2.33
0.952	0.005	0.032	0.011
0.612	0.076	0.247	0.065
0.056	0.062	0.001	0.881
0.126	0.089	0.572	0.213
0.039	0.058	0.781	0.122
0.979	0.011	0.009	0.001
0.602	0.176	0.136	0.086
0.078	0.028	0.004	0.890
0.076	0.198	0.618	0.108
0.112	0.172	0.670	0.046
0.968	0.029	0.002	0.001
0.700	0.137	0.096	0.067
>GTGGTGGTGGTG	21-GTGGTGGTGGTG	11.735326	-26.775595	0	T:288.0(2.40%),B:573.0(1.56%),P:1e-11	Tpos:502.9,Tstd:285.0,Bpos:506.7,Bstd:296.8,StrandBias:-0.7,Multiplicity:1.89
0.241	0.001	0.757	0.001
0.001	0.001	0.001	0.997
0.058	0.001	0.940	0.001
0.254	0.001	0.744	0.001
0.001	0.001	0.001	0.997
0.001	0.001	0.997	0.001
0.171	0.001	0.827	0.001
0.078	0.001	0.001	0.920
0.102	0.001	0.896	0.001
0.325	0.001	0.673	0.001
0.153	0.001	0.001	0.845
0.104	0.001	0.894	0.001
>ACACACCACACA	22-ACACACCACACA	11.743175	-25.822061	0	T:196.0(1.63%),B:356.7(0.97%),P:1e-11	Tpos:502.5,Tstd:263.9,Bpos:466.1,Bstd:258.3,StrandBias:0.5,Multiplicity:6.59
0.781	0.213	0.001	0.005
0.001	0.921	0.027	0.051
0.995	0.003	0.001	0.001
0.015	0.931	0.001	0.053
0.793	0.180	0.026	0.001
0.092	0.800	0.081	0.027
0.238	0.746	0.001	0.015
0.502	0.287	0.005	0.206
0.001	0.896	0.001	0.102
0.987	0.001	0.001	0.011
0.015	0.906	0.001	0.078
0.909	0.089	0.001	0.001
>GGGGGGCTGACC	23-GGGGGGCTGACC	13.456598	-22.718945	0	T:122.0(1.02%),B:199.4(0.54%),P:1e-9	Tpos:497.6,Tstd:269.2,Bpos:490.1,Bstd:246.9,StrandBias:0.1,Multiplicity:5.77
0.055	0.011	0.900	0.034
0.087	0.009	0.806	0.098
0.020	0.001	0.978	0.001
0.048	0.285	0.637	0.030
0.119	0.001	0.837	0.043
0.038	0.009	0.949	0.004
0.011	0.552	0.147	0.290
0.012	0.366	0.001	0.621
0.008	0.021	0.967	0.004
0.631	0.001	0.367	0.001
0.028	0.819	0.009	0.144
0.248	0.677	0.035	0.040
>CGTCCGGGAGGG	24-CGTCCGGGAGGG	16.144915	-19.803863	0	T:124.0(1.03%),B:214.8(0.58%),P:1e-8	Tpos:488.5,Tstd:256.0,Bpos:495.3,Bstd:249.2,StrandBias:0.0,Multiplicity:6.27
0.023	0.944	0.001	0.032
0.030	0.001	0.968	0.001
0.001	0.001	0.001	0.997
0.001	0.997	0.001	0.001
0.001	0.994	0.004	0.001
0.013	0.001	0.985	0.001
0.002	0.022	0.975	0.001
0.001	0.027	0.970	0.002
0.995	0.003	0.001	0.001
0.001	0.001	0.997	0.001
0.001	0.001	0.997	0.001
0.002	0.001	0.736	0.261
>GGCCAGCCGCCC	25-GGCCAGCCGCCC	12.848553	-15.628856	0	T:133.0(1.11%),B:254.0(0.69%),P:1e-6	Tpos:489.7,Tstd:261.3,Bpos:503.1,Bstd:254.4,StrandBias:0.0,Multiplicity:10.56
0.001	0.001	0.997	0.001
0.001	0.001	0.997	0.001
0.001	0.997	0.001	0.001
0.001	0.997	0.001	0.001
0.997	0.001	0.001	0.001
0.001	0.001	0.997	0.001
0.001	0.988	0.001	0.010
0.001	0.982	0.001	0.016
0.024	0.001	0.974	0.001
0.001	0.997	0.001	0.001
0.001	0.997	0.001	0.001
0.001	0.997	0.001	0.001
>AAACGGAA	1-AAACGGAA	5.811224	-256.883067	0	T:5770.0(48.11%),B:14000.7(38.01%),P:1e-111	Tpos:494.7,Tstd:281.8,Bpos:492.1,Bstd:328.1,StrandBias:0.0,Multiplicity:1.57
0.395	0.216	0.167	0.223
0.646	0.344	0.001	0.009
0.479	0.225	0.168	0.128
0.001	0.997	0.001	0.001
0.001	0.001	0.997	0.001
0.225	0.155	0.474	0.146
0.649	0.001	0.162	0.188
0.997	0.001	0.001	0.001
>CGCTTATC	2-CGCTTATC	8.820514	-178.636031	0	T:1210.0(10.09%),B:2107.6(5.72%),P:1e-77	Tpos:510.4,Tstd:277.6,Bpos:495.3,Bstd:314.6,StrandBias:-0.2,Multiplicity:1.10
0.001	0.879	0.052	0.068
0.024	0.264	0.532	0.180
0.001	0.988	0.010	0.001
0.001	0.011	0.011	0.977
0.001	0.001	0.001	0.997
0.711	0.001	0.001	0.287
0.001	0.031	0.001	0.967
0.001	0.987	0.011	0.001
>TAACGGAC	3-TAACGGAC	2.655836	-177.885865	0	T:5168.0(43.09%),B:12835.6(34.85%),P:1e-77	Tpos:492.0,Tstd:286.8,Bpos:492.3,Bstd:331.0,StrandBias:0.1,Multiplicity:1.34
0.001	0.001	0.001	0.997
0.796	0.001	0.001	0.202
0.679	0.149	0.001	0.171
0.001	0.997	0.001	0.001
0.001	0.077	0.921	0.001
0.067	0.001	0.931	0.001
0.691	0.001	0.001	0.307
0.001	0.991	0.007	0.001
>GSCGDWAN	4-GSCGDWAN	4.801060	-162.466846	0	T:5890.0(49.11%),B:15119.3(41.05%),P:1e-70	Tpos:503.4,Tstd:280.0,Bpos:491.4,Bstd:322.7,StrandBias:-0.0,Multiplicity:1.49
0.029	0.135	0.641	0.195
0.081	0.480	0.348	0.091
0.027	0.633	0.310	0.030
0.001	0.029	0.933	0.037
0.325	0.134	0.232	0.309
0.408	0.094	0.021	0.477
0.613	0.050	0.007	0.330
0.327	0.231	0.224	0.217
>ACGMCHWA	5-ACGMCHWA	5.379370	-152.735053	0	T:5167.0(43.08%),B:13053.9(35.44%),P:1e-66	Tpos:498.3,Tstd:285.8,Bpos:483.3,Bstd:334.6,StrandBias:0.0,Multiplicity:1.46
0.407	0.152	0.253	0.189
0.001	0.997	0.001	0.001
0.001	0.001	0.997	0.001
0.469	0.400	0.129	0.001
0.241	0.399	0.159	0.200
0.255	0.362	0.017	0.366
0.432	0.001	0.001	0.566
0.868	0.001	0.001	0.130
>ATATTCGG	6-ATATTCGG	8.236954	-141.865632	0	T:173.0(1.44%),B:108.4(0.29%),P:1e-61	Tpos:525.4,Tstd:265.1,Bpos:468.9,Bstd:327.8,StrandBias:0.4,Multiplicity:1.00
0.700	0.100	0.100	0.100
0.100	0.100	0.100	0.700
0.700	0.100	0.100	0.100
0.100	0.100	0.100	0.700
0.100	0.100	0.100	0.700
0.100	0.700	0.100	0.100
0.100	0.100	0.700	0.100
0.100	0.100	0.700	0.100
>CGGTTTAG	7-CGGTTTAG	5.726528	-141.713388	0	T:3775.0(31.48%),B:9116.6(24.75%),P:1e-61	Tpos:500.5,Tstd:289.0,Bpos:500.1,Bstd:324.6,StrandBias:-0.1,Multiplicity:1.30
0.040	0.861	0.055	0.044
0.062	0.055	0.766	0.117
0.051	0.048	0.820	0.081
0.049	0.159	0.084	0.708
0.051	0.228	0.059	0.662
0.090	0.069	0.029	0.812
0.784	0.072	0.075	0.069
0.175	0.190	0.590	0.045
>TCCTACGC	8-TCCTACGC	8.236954	-139.647712	0	T:279.0(2.33%),B:265.7(0.72%),P:1e-60	Tpos:494.9,Tstd:243.1,Bpos:514.1,Bstd:315.8,StrandBias:-0.0,Multiplicity:1.09
0.100	0.100	0.100	0.700
0.100	0.700	0.100	0.100
0.100	0.700	0.100	0.100
0.100	0.100	0.100	0.700
0.700	0.100	0.100	0.100
0.100	0.700	0.100	0.100
0.100	0.100	0.700	0.100
0.100	0.700	0.100	0.100
>TGAGTCAT	9-TGAGTCAT	8.884691	-132.406837	0	T:1788.0(14.91%),B:3758.9(10.20%),P:1e-57	Tpos:500.4,Tstd:278.7,Bpos:487.4,Bstd:292.9,StrandBias:-0.0,Multiplicity:1.23
0.001	0.001	0.001	0.997
0.001	0.001	0.997	0.001
0.954	0.044	0.001	0.001
0.001	0.195	0.803	0.001
0.001	0.001	0.001	0.997
0.001	0.997	0.001	0.001
0.997	0.001	0.001	0.001
0.001	0.146	0.158	0.695
>ATCGGGTC	10-ATCGGGTC	8.236954	-110.208551	0	T:235.0(1.96%),B:234.6(0.64%),P:1e-47	Tpos:511.7,Tstd:255.6,Bpos:534.1,Bstd:307.5,StrandBias:-0.4,Multiplicity:1.00
0.700	0.100	0.100	0.100
0.100	0.100	0.100	0.700
0.100	0.700	0.100	0.100
0.100	0.100	0.700	0.100
0.100	0.100	0.700	0.100
0.100	0.100	0.700	0.100
0.100	0.100	0.100	0.700
0.100	0.700	0.100	0.100
>TAGGGGCG	11-TAGGGGCG	4.026458	-64.858274	0	T:6339.0(52.86%),B:17603.3(47.79%),P:1e-28	Tpos:500.5,Tstd:279.2,Bpos:496.4,Bstd:317.7,StrandBias:-0.1,Multiplicity:1.93
0.001	0.001	0.001	0.997
0.997	0.001	0.001	0.001
0.001	0.001	0.871	0.127
0.001	0.001	0.997	0.001
0.001	0.001	0.997	0.001
0.001	0.001	0.997	0.001
0.001	0.997	0.001	0.001
0.001	0.001	0.997	0.001
>TTCGACTC	12-TTCGACTC	6.679963	-63.104570	0	T:2526.0(21.06%),B:6331.7(17.19%),P:1e-27	Tpos:510.7,Tstd:286.3,Bpos:500.2,Bstd:316.6,StrandBias:-0.1,Multiplicity:1.30
0.001	0.001	0.022	0.976
0.015	0.001	0.001	0.983
0.001	0.997	0.001	0.001
0.380	0.088	0.531	0.001
0.843	0.025	0.100	0.032
0.033	0.780	0.167	0.020
0.007	0.018	0.001	0.974
0.004	0.984	0.011	0.001
>CTGTAGGC	13-CTGTAGGC	10.879372	-59.988444	0	T:509.0(4.24%),B:945.0(2.57%),P:1e-26	Tpos:498.6,Tstd:264.8,Bpos:486.3,Bstd:295.7,StrandBias:0.0,Multiplicity:1.32
0.001	0.997	0.001	0.001
0.001	0.001	0.001	0.997
0.001	0.001	0.997	0.001
0.001	0.001	0.001	0.997
0.997	0.001	0.001	0.001
0.001	0.001	0.997	0.001
0.171	0.001	0.827	0.001
0.001	0.997	0.001	0.001
>CKAATCGA	14-CKAATCGA	5.278288	-55.222725	0	T:4023.0(33.54%),B:10774.7(29.25%),P:1e-23	Tpos:505.1,Tstd:290.0,Bpos:494.4,Bstd:322.8,StrandBias:0.1,Multiplicity:1.55
0.018	0.665	0.238	0.079
0.001	0.101	0.523	0.375
0.730	0.001	0.151	0.118
0.549	0.014	0.065	0.372
0.092	0.147	0.001	0.760
0.213	0.519	0.267	0.001
0.030	0.056	0.846	0.068
0.755	0.001	0.165	0.079
>CTGACCCC	15-CTGACCCC	6.229026	-35.652526	0	T:2008.0(16.74%),B:5197.6(14.11%),P:1e-15	Tpos:501.2,Tstd:275.7,Bpos:508.8,Bstd:301.4,StrandBias:0.1,Multiplicity:1.72
0.001	0.997	0.001	0.001
0.001	0.001	0.001	0.997
0.111	0.001	0.887	0.001
0.997	0.001	0.001	0.001
0.001	0.997	0.001	0.001
0.001	0.997	0.001	0.001
0.001	0.997	0.001	0.001
0.001	0.927	0.071	0.001
>GSTGATCA	16-GSTGATCA	8.202055	-31.014995	0	T:669.0(5.58%),B:1526.9(4.15%),P:1e-13	Tpos:492.3,Tstd:288.3,Bpos:507.9,Bstd:304.0,StrandBias:0.0,Multiplicity:1.42
0.252	0.183	0.564	0.001
0.001	0.535	0.463	0.001
0.001	0.001	0.001	0.997
0.014	0.001	0.672	0.313
0.792	0.206	0.001	0.001
0.001	0.001	0.001	0.997
0.001	0.997	0.001	0.001
0.751	0.001	0.042	0.206
>CCGTCCGG	17-CCGTCCGG	6.291044	-20.870405	0	T:5254.0(43.81%),B:15136.8(41.09%),P:1e-9	Tpos:501.1,Tstd:275.6,Bpos:522.4,Bstd:320.5,StrandBias:-0.0,Multiplicity:2.37
0.100	0.700	0.100	0.100
0.100	0.700	0.100	0.100
0.100	0.100	0.700	0.100
0.100	0.100	0.100	0.700
0.100	0.700	0.100	0.100
0.100	0.700	0.100	0.100
0.100	0.100	0.700	0.100
0.100	0.100	0.700	0.100
>TAACCCTA	18-TAACCCTA	8.236954	-20.119861	0	T:205.0(1.71%),B:405.8(1.10%),P:1e-8	Tpos:511.5,Tstd:240.9,Bpos:525.9,Bstd:326.7,StrandBias:0.1,Multiplicity:6.54
0.100	0.100	0.100	0.700
0.700	0.100	0.100	0.100
0.700	0.100	0.100	0.100
0.100	0.700	0.100	0.100
0.100	0.700	0.100	0.100
0.100	0.700	0.100	0.100
0.100	0.100	0.100	0.700
0.700	0.100	0.100	0.100
>AGTGGAGT	19-AGTGGAGT	10.756629	-11.209160	0	T:452.0(3.77%),B:1135.2(3.08%),P:1e-4	Tpos:483.0,Tstd:291.8,Bpos:487.8,Bstd:307.3,StrandBias:1.0,Multiplicity:2.45
0.997	0.001	0.001	0.001
0.138	0.001	0.860	0.001
0.001	0.001	0.001	0.997
0.001	0.001	0.997	0.001
0.001	0.001	0.997	0.001
0.997	0.001	0.001	0.001
0.150	0.001	0.848	0.001
0.001	0.001	0.001	0.997
>GATGTAAC	20-GATGTAAC	8.236954	-9.544703	0	T:147.0(1.23%),B:324.8(0.88%),P:1e-4	Tpos:501.0,Tstd:298.1,Bpos:465.8,Bstd:299.0,StrandBias:-0.1,Multiplicity:2.38
0.100	0.100	0.700	0.100
0.700	0.100	0.100	0.100
0.100	0.100	0.100	0.700
0.100	0.100	0.700	0.100
0.100	0.100	0.100	0.700
0.700	0.100	0.100	0.100
0.700	0.100	0.100	0.100
0.100	0.700	0.100	0.100
>AATGGAAT	21-AATGGAAT	11.012752	-8.339908	0	T:464.0(3.87%),B:1209.4(3.28%),P:1e-3	Tpos:499.8,Tstd:284.2,Bpos:480.3,Bstd:315.7,StrandBias:0.9,Multiplicity:13.23
0.997	0.001	0.001	0.001
0.997	0.001	0.001	0.001
0.001	0.001	0.001	0.997
0.001	0.053	0.945	0.001
0.001	0.001	0.997	0.001
0.997	0.001	0.001	0.001
0.997	0.001	0.001	0.001
0.001	0.001	0.001	0.997
>TGKKGTGT	22-TGKKGTGT	3.563092	-6.610451	0	T:2823.0(23.54%),B:8246.0(22.39%),P:1e-2	Tpos:507.5,Tstd:277.7,Bpos:498.4,Bstd:295.3,StrandBias:-0.1,Multiplicity:1.82
0.001	0.001	0.001	0.997
0.001	0.001	0.997	0.001
0.001	0.001	0.571	0.427
0.001	0.001	0.548	0.450
0.001	0.001	0.997	0.001
0.001	0.001	0.001	0.997
0.001	0.001	0.997	0.001
0.001	0.001	0.001	0.997
>CCAGCCGC	23-CCAGCCGC	4.877521	-2.269824	0	T:1605.0(13.38%),B:4785.7(12.99%),P:1e0	Tpos:494.3,Tstd:271.1,Bpos:509.3,Bstd:299.3,StrandBias:0.0,Multiplicity:1.98
0.001	0.997	0.001	0.001
0.001	0.958	0.001	0.040
0.997	0.001	0.001	0.001
0.051	0.001	0.947	0.001
0.001	0.997	0.001	0.001
0.001	0.997	0.001	0.001
0.001	0.001	0.997	0.001
0.001	0.997	0.001	0.001
>CCTCCCTC	24-CCTCCCTC	4.161567	-0.641556	0	T:4952.0(41.29%),B:15219.4(41.32%),P:1e0	Tpos:498.2,Tstd:274.0,Bpos:499.9,Bstd:307.6,StrandBias:-0.0,Multiplicity:2.14
0.001	0.997	0.001	0.001
0.001	0.997	0.001	0.001
0.196	0.001	0.001	0.802
0.001	0.997	0.001	0.001
0.001	0.997	0.001	0.001
0.001	0.997	0.001	0.001
0.001	0.001	0.001	0.997
0.001	0.997	0.001	0.001
>CACCACCA	25-CACCACCA	9.427636	-0.000000	0	T:1568.0(13.07%),B:5722.4(15.54%),P:1e0	Tpos:501.8,Tstd:287.7,Bpos:505.5,Bstd:289.6,StrandBias:0.4,Multiplicity:1.50
0.001	0.997	0.001	0.001
0.997	0.001	0.001	0.001
0.001	0.855	0.001	0.143
0.001	0.997	0.001	0.001
0.997	0.001	0.001	0.001
0.001	0.759	0.001	0.239
0.001	0.942	0.056	0.001
0.997	0.001	0.001	0.001
