>TCGAATGGAA	1-TCGAATGGAA	10.205652	-285.703079	0	T:104.0(0.87%),B:9.0(0.02%),P:1e-124	Tpos:553.6,Tstd:295.8,Bpos:403.2,Bstd:336.1,StrandBias:0.9,Multiplicity:1.21
0.063	0.083	0.045	0.809
0.048	0.612	0.306	0.034
0.039	0.116	0.743	0.102
0.791	0.025	0.146	0.038
0.515	0.097	0.241	0.147
0.067	0.134	0.032	0.767
0.095	0.181	0.675	0.049
0.138	0.063	0.711	0.088
0.777	0.038	0.133	0.052
0.602	0.097	0.210	0.091
>CGAATGGAAT	2-CGAATGGAAT	13.118258	-273.773325	0	T:104.0(0.87%),B:9.5(0.03%),P:1e-118	Tpos:497.2,Tstd:285.3,Bpos:579.8,Bstd:415.9,StrandBias:0.6,Multiplicity:2.80
0.001	0.622	0.376	0.001
0.001	0.001	0.997	0.001
0.997	0.001	0.001	0.001
0.817	0.026	0.156	0.001
0.001	0.001	0.001	0.997
0.001	0.033	0.965	0.001
0.001	0.001	0.997	0.001
0.997	0.001	0.001	0.001
0.986	0.001	0.012	0.001
0.001	0.001	0.001	0.997
>GRATATTCSG	3-GRATATTCSG	9.488522	-186.603264	0	T:257.0(2.14%),B:180.9(0.49%),P:1e-81	Tpos:505.8,Tstd:282.6,Bpos:472.1,Bstd:312.3,StrandBias:0.2,Multiplicity:1.30
0.001	0.308	0.534	0.157
0.324	0.158	0.402	0.116
0.833	0.163	0.002	0.002
0.001	0.001	0.143	0.855
0.974	0.008	0.009	0.009
0.013	0.004	0.015	0.968
0.018	0.001	0.112	0.869
0.006	0.455	0.291	0.249
0.001	0.442	0.556	0.001
0.010	0.129	0.855	0.006
>AATCGAATGG	4-AATCGAATGG	11.676585	-165.744334	0	T:83.0(0.69%),B:14.5(0.04%),P:1e-71	Tpos:543.7,Tstd:279.9,Bpos:279.5,Bstd:178.3,StrandBias:1.0,Multiplicity:3.14
0.754	0.244	0.001	0.001
0.641	0.357	0.001	0.001
0.001	0.001	0.001	0.997
0.001	0.625	0.373	0.001
0.001	0.001	0.997	0.001
0.997	0.001	0.001	0.001
0.626	0.372	0.001	0.001
0.001	0.001	0.001	0.997
0.023	0.373	0.603	0.001
0.001	0.001	0.997	0.001
>ATGGAATGGA	5-ATGGAATGGA	10.159632	-104.891023	0	T:146.0(1.22%),B:104.3(0.28%),P:1e-45	Tpos:489.6,Tstd:281.7,Bpos:468.9,Bstd:306.5,StrandBias:1.1,Multiplicity:25.96
0.997	0.001	0.001	0.001
0.001	0.027	0.001	0.971
0.001	0.044	0.954	0.001
0.001	0.001	0.997	0.001
0.997	0.001	0.001	0.001
0.997	0.001	0.001	0.001
0.001	0.001	0.001	0.997
0.001	0.021	0.977	0.001
0.001	0.001	0.997	0.001
0.997	0.001	0.001	0.001
>ATSGAATSGA	6-ATSGAATSGA	9.670346	-101.295721	0	T:145.0(1.21%),B:106.5(0.29%),P:1e-43	Tpos:460.7,Tstd:324.2,Bpos:531.1,Bstd:280.3,StrandBias:0.4,Multiplicity:1.25
0.629	0.032	0.296	0.043
0.001	0.069	0.001	0.929
0.056	0.458	0.467	0.019
0.232	0.052	0.596	0.120
0.988	0.001	0.010	0.001
0.567	0.072	0.338	0.023
0.055	0.234	0.028	0.683
0.146	0.388	0.465	0.001
0.001	0.001	0.653	0.345
0.977	0.001	0.001	0.021
>AATGGAATSG	7-AATGGAATSG	9.336076	-99.797679	0	T:176.0(1.47%),B:153.2(0.42%),P:1e-43	Tpos:535.9,Tstd:301.9,Bpos:478.1,Bstd:305.0,StrandBias:1.1,Multiplicity:1.22
0.891	0.001	0.073	0.035
0.831	0.001	0.085	0.083
0.037	0.093	0.028	0.842
0.110	0.197	0.653	0.040
0.141	0.055	0.649	0.155
0.913	0.077	0.001	0.009
0.709	0.141	0.113	0.037
0.135	0.037	0.076	0.752
0.054	0.515	0.405	0.026
0.070	0.088	0.821	0.021
>GGAATGGAAT	8-GGAATGGAAT	11.393907	-99.444971	0	T:143.0(1.19%),B:105.1(0.29%),P:1e-43	Tpos:518.2,Tstd:283.1,Bpos:496.7,Bstd:317.4,StrandBias:0.7,Multiplicity:2.35
0.014	0.360	0.547	0.079
0.105	0.040	0.815	0.040
0.983	0.007	0.006	0.004
0.575	0.088	0.301	0.036
0.023	0.030	0.006	0.941
0.068	0.165	0.723	0.044
0.043	0.048	0.878	0.031
0.976	0.009	0.010	0.005
0.596	0.118	0.258	0.028
0.020	0.012	0.001	0.967
>ATTCTCAGAA	9-ATTCTCAGAA	7.015492	-98.769552	0	T:133.0(1.11%),B:92.9(0.25%),P:1e-42	Tpos:508.6,Tstd:280.0,Bpos:525.0,Bstd:300.6,StrandBias:-0.2,Multiplicity:2.16
0.997	0.001	0.001	0.001
0.001	0.001	0.001	0.997
0.001	0.001	0.001	0.997
0.001	0.997	0.001	0.001
0.001	0.001	0.034	0.964
0.001	0.997	0.001	0.001
0.966	0.032	0.001	0.001
0.001	0.001	0.997	0.001
0.997	0.001	0.001	0.001
0.997	0.001	0.001	0.001
>GAATGGAATG	10-GAATGGAATG	10.948179	-84.126390	0	T:152.0(1.27%),B:136.0(0.37%),P:1e-36	Tpos:510.6,Tstd:288.7,Bpos:456.3,Bstd:310.0,StrandBias:0.8,Multiplicity:2.19
0.033	0.022	0.925	0.020
0.997	0.001	0.001	0.001
0.890	0.015	0.078	0.017
0.038	0.007	0.001	0.954
0.102	0.012	0.770	0.116
0.022	0.031	0.907	0.040
0.997	0.001	0.001	0.001
0.884	0.048	0.052	0.016
0.027	0.022	0.001	0.950
0.065	0.116	0.786	0.033
>AATRGAATGG	11-AATRGAATGG	12.660587	-81.872393	0	T:154.0(1.28%),B:141.2(0.38%),P:1e-35	Tpos:502.1,Tstd:282.0,Bpos:468.4,Bstd:331.7,StrandBias:0.5,Multiplicity:1.75
0.997	0.001	0.001	0.001
0.709	0.001	0.289	0.001
0.001	0.001	0.001	0.997
0.472	0.001	0.526	0.001
0.001	0.001	0.997	0.001
0.997	0.001	0.001	0.001
0.917	0.001	0.081	0.001
0.001	0.001	0.001	0.997
0.001	0.001	0.997	0.001
0.001	0.001	0.997	0.001
>YTCCAKTCYA	12-YTCCAKTCYA	9.485865	-66.224308	0	T:645.0(5.38%),B:1242.8(3.37%),P:1e-28	Tpos:517.5,Tstd:295.6,Bpos:491.8,Bstd:305.7,StrandBias:-0.4,Multiplicity:1.27
0.072	0.368	0.202	0.358
0.001	0.001	0.001	0.997
0.014	0.984	0.001	0.001
0.001	0.698	0.157	0.144
0.627	0.001	0.371	0.001
0.025	0.098	0.421	0.456
0.010	0.001	0.001	0.988
0.001	0.997	0.001	0.001
0.206	0.370	0.061	0.364
0.915	0.001	0.017	0.067
>TACTGGGAAG	13-TACTGGGAAG	6.975559	-53.997433	0	T:266.0(2.22%),B:412.4(1.12%),P:1e-23	Tpos:481.6,Tstd:276.2,Bpos:505.8,Bstd:280.5,StrandBias:0.1,Multiplicity:2.44
0.001	0.001	0.001	0.997
0.997	0.001	0.001	0.001
0.001	0.997	0.001	0.001
0.001	0.001	0.001	0.997
0.001	0.001	0.997	0.001
0.001	0.013	0.898	0.088
0.001	0.001	0.997	0.001
0.986	0.001	0.001	0.012
0.987	0.011	0.001	0.001
0.001	0.001	0.997	0.001
>GATCAGTGCA	14-GATCAGTGCA	10.296193	-51.678484	0	T:50.0(0.42%),B:25.2(0.07%),P:1e-22	Tpos:513.9,Tstd:278.8,Bpos:447.1,Bstd:273.9,StrandBias:0.4,Multiplicity:6.18
0.100	0.100	0.700	0.100
0.700	0.100	0.100	0.100
0.100	0.100	0.100	0.700
0.100	0.700	0.100	0.100
0.700	0.100	0.100	0.100
0.100	0.100	0.700	0.100
0.100	0.100	0.100	0.700
0.100	0.100	0.700	0.100
0.100	0.700	0.100	0.100
0.700	0.100	0.100	0.100
>GAATGGAATG	15-GAATGGAATG	9.946953	-48.520453	0	T:192.0(1.60%),B:272.5(0.74%),P:1e-21	Tpos:553.4,Tstd:268.5,Bpos:491.4,Bstd:310.1,StrandBias:0.5,Multiplicity:1.56
0.056	0.007	0.796	0.141
0.928	0.025	0.001	0.046
0.472	0.244	0.217	0.067
0.001	0.034	0.001	0.964
0.121	0.194	0.533	0.152
0.089	0.005	0.716	0.190
0.922	0.075	0.001	0.002
0.531	0.096	0.338	0.035
0.023	0.056	0.001	0.920
0.103	0.202	0.667	0.028
>GTTAGGGAGG	16-GTTAGGGAGG	10.385334	-44.063707	0	T:578.0(4.82%),B:1197.3(3.25%),P:1e-19	Tpos:497.8,Tstd:266.2,Bpos:500.6,Bstd:281.2,StrandBias:0.0,Multiplicity:3.12
0.001	0.001	0.997	0.001
0.001	0.001	0.001	0.997
0.001	0.253	0.001	0.745
0.752	0.246	0.001	0.001
0.001	0.001	0.997	0.001
0.001	0.001	0.787	0.211
0.001	0.001	0.997	0.001
0.997	0.001	0.001	0.001
0.001	0.001	0.997	0.001
0.001	0.001	0.780	0.218
>SGAATGGAAT	17-SGAATGGAAT	9.253726	-43.403374	0	T:222.0(1.85%),B:350.1(0.95%),P:1e-18	Tpos:466.7,Tstd:281.7,Bpos:497.9,Bstd:339.5,StrandBias:0.8,Multiplicity:1.68
0.001	0.449	0.427	0.123
0.063	0.117	0.638	0.182
0.894	0.001	0.001	0.104
0.662	0.087	0.193	0.058
0.051	0.011	0.001	0.937
0.072	0.207	0.642	0.079
0.032	0.090	0.611	0.267
0.997	0.001	0.001	0.001
0.511	0.221	0.233	0.035
0.025	0.001	0.001	0.973
>GATATGTCAC	18-GATATGTCAC	10.296193	-42.312545	0	T:43.0(0.36%),B:23.1(0.06%),P:1e-18	Tpos:513.7,Tstd:282.7,Bpos:540.9,Bstd:285.1,StrandBias:0.4,Multiplicity:3.81
0.100	0.100	0.700	0.100
0.700	0.100	0.100	0.100
0.100	0.100	0.100	0.700
0.700	0.100	0.100	0.100
0.100	0.100	0.100	0.700
0.100	0.100	0.700	0.100
0.100	0.100	0.100	0.700
0.100	0.700	0.100	0.100
0.700	0.100	0.100	0.100
0.100	0.700	0.100	0.100
>TGTGTGGTGT	19-TGTGTGGTGT	9.156659	-38.838534	0	T:953.0(7.95%),B:2218.9(6.02%),P:1e-16	Tpos:500.4,Tstd:274.1,Bpos:488.1,Bstd:286.0,StrandBias:-0.3,Multiplicity:2.60
0.044	0.007	0.043	0.906
0.016	0.002	0.875	0.107
0.026	0.006	0.016	0.952
0.053	0.003	0.943	0.001
0.085	0.027	0.347	0.541
0.050	0.006	0.563	0.381
0.098	0.029	0.684	0.189
0.028	0.077	0.261	0.634
0.017	0.001	0.961	0.021
0.040	0.006	0.013	0.941
>GTGATGTAAC	20-GTGATGTAAC	11.952027	-35.876249	0	T:50.0(0.42%),B:37.7(0.10%),P:1e-15	Tpos:505.6,Tstd:294.0,Bpos:385.9,Bstd:303.1,StrandBias:-0.4,Multiplicity:4.50
0.001	0.001	0.997	0.001
0.001	0.001	0.001	0.997
0.001	0.001	0.997	0.001
0.997	0.001	0.001	0.001
0.001	0.001	0.001	0.997
0.152	0.001	0.846	0.001
0.001	0.001	0.001	0.997
0.997	0.001	0.001	0.001
0.997	0.001	0.001	0.001
0.001	0.997	0.001	0.001
>TAACCCTAAC	21-TAACCCTAAC	10.296193	-32.495534	0	T:55.0(0.46%),B:48.4(0.13%),P:1e-14	Tpos:524.3,Tstd:231.8,Bpos:555.8,Bstd:286.6,StrandBias:-0.1,Multiplicity:19.36
0.100	0.100	0.100	0.700
0.700	0.100	0.100	0.100
0.700	0.100	0.100	0.100
0.100	0.700	0.100	0.100
0.100	0.700	0.100	0.100
0.100	0.700	0.100	0.100
0.100	0.100	0.100	0.700
0.700	0.100	0.100	0.100
0.700	0.100	0.100	0.100
0.100	0.700	0.100	0.100
>GGGGGGSTSA	22-GGGGGGSTSA	12.575661	-20.551465	0	T:147.0(1.23%),B:264.4(0.72%),P:1e-8	Tpos:492.8,Tstd:266.9,Bpos:498.5,Bstd:251.8,StrandBias:-0.1,Multiplicity:5.37
0.001	0.001	0.997	0.001
0.001	0.001	0.997	0.001
0.001	0.001	0.997	0.001
0.001	0.001	0.997	0.001
0.001	0.001	0.997	0.001
0.001	0.001	0.997	0.001
0.045	0.439	0.515	0.001
0.001	0.001	0.001	0.997
0.001	0.549	0.439	0.011
0.997	0.001	0.001	0.001
>ACCACCATCA	23-ACCACCATCA	12.102818	-15.612206	0	T:282.0(2.35%),B:630.5(1.71%),P:1e-6	Tpos:499.5,Tstd:284.6,Bpos:503.9,Bstd:289.8,StrandBias:0.7,Multiplicity:2.40
0.997	0.001	0.001	0.001
0.001	0.777	0.001	0.221
0.001	0.997	0.001	0.001
0.997	0.001	0.001	0.001
0.001	0.648	0.001	0.350
0.001	0.997	0.001	0.001
0.997	0.001	0.001	0.001
0.001	0.352	0.001	0.646
0.001	0.997	0.001	0.001
0.997	0.001	0.001	0.001
>GAGTGGAGTG	24-GAGTGGAGTG	13.439512	-10.038806	0	T:86.0(0.72%),B:167.5(0.45%),P:1e-4	Tpos:482.4,Tstd:290.0,Bpos:504.8,Bstd:330.8,StrandBias:1.4,Multiplicity:5.74
0.062	0.001	0.775	0.162
0.997	0.001	0.001	0.001
0.020	0.001	0.973	0.006
0.001	0.004	0.001	0.994
0.012	0.008	0.979	0.001
0.007	0.001	0.915	0.077
0.997	0.001	0.001	0.001
0.001	0.001	0.997	0.001
0.001	0.002	0.001	0.996
0.010	0.001	0.988	0.001
>GGCCRGCCGS	25-GGCCRGCCGS	11.424977	-0.934632	0	T:709.0(5.91%),B:2155.6(5.85%),P:1e0	Tpos:497.4,Tstd:267.0,Bpos:512.6,Bstd:280.6,StrandBias:0.0,Multiplicity:2.97
0.001	0.001	0.997	0.001
0.001	0.001	0.997	0.001
0.001	0.997	0.001	0.001
0.001	0.596	0.001	0.402
0.486	0.001	0.512	0.001
0.001	0.001	0.997	0.001
0.001	0.889	0.109	0.001
0.001	0.997	0.001	0.001
0.001	0.001	0.997	0.001
0.001	0.486	0.512	0.001
