>AGGRCTGTCC	1-AGGRCTGTCC	6.150184	-563.247131	0	T:68118.0(63.33%),B:63208.8(58.33%),P:1e-244	Tpos:499.2,Tstd:275.8,Bpos:502.2,Bstd:309.0,StrandBias:0.0,Multiplicity:1.55
0.542	0.019	0.113	0.326
0.068	0.040	0.857	0.035
0.275	0.085	0.557	0.083
0.355	0.042	0.454	0.149
0.039	0.920	0.019	0.022
0.097	0.094	0.033	0.776
0.146	0.125	0.661	0.068
0.146	0.166	0.041	0.647
0.046	0.541	0.316	0.097
0.026	0.702	0.048	0.224
>CTCTGCGCTG	2-CTCTGCGCTG	6.404373	-447.950285	0	T:75234.0(69.94%),B:71163.2(65.68%),P:1e-194	Tpos:500.1,Tstd:277.2,Bpos:501.3,Bstd:304.1,StrandBias:0.0,Multiplicity:1.89
0.100	0.700	0.100	0.100
0.100	0.100	0.100	0.700
0.100	0.700	0.100	0.100
0.100	0.100	0.100	0.700
0.100	0.100	0.700	0.100
0.100	0.700	0.100	0.100
0.100	0.100	0.700	0.100
0.100	0.700	0.100	0.100
0.100	0.100	0.100	0.700
0.100	0.100	0.700	0.100
>CATAGAGCAG	3-CATAGAGCAG	6.482147	-444.253362	0	T:64563.0(60.02%),B:60186.8(55.55%),P:1e-192	Tpos:499.0,Tstd:280.6,Bpos:499.8,Bstd:308.1,StrandBias:-0.0,Multiplicity:1.44
0.034	0.846	0.061	0.059
0.767	0.071	0.044	0.118
0.068	0.094	0.068	0.770
0.806	0.040	0.083	0.071
0.068	0.060	0.806	0.066
0.816	0.049	0.082	0.053
0.050	0.085	0.792	0.073
0.084	0.737	0.075	0.104
0.838	0.055	0.053	0.054
0.049	0.071	0.823	0.057
>TGCTTAGCAC	4-TGCTTAGCAC	5.901590	-410.524378	0	T:60560.0(56.30%),B:56307.1(51.96%),P:1e-178	Tpos:498.3,Tstd:281.3,Bpos:501.3,Bstd:306.7,StrandBias:0.0,Multiplicity:1.49
0.093	0.037	0.071	0.799
0.019	0.065	0.861	0.055
0.065	0.863	0.027	0.045
0.217	0.033	0.054	0.696
0.094	0.213	0.130	0.563
0.704	0.019	0.031	0.246
0.114	0.040	0.819	0.027
0.134	0.755	0.060	0.051
0.857	0.034	0.037	0.072
0.125	0.690	0.109	0.076
>TGTACAGCGC	5-TGTACAGCGC	5.475234	-407.315411	0	T:43112.0(40.08%),B:38893.5(35.89%),P:1e-176	Tpos:499.9,Tstd:276.4,Bpos:500.1,Bstd:307.8,StrandBias:0.0,Multiplicity:1.48
0.178	0.062	0.025	0.735
0.099	0.123	0.634	0.144
0.113	0.216	0.168	0.503
0.473	0.155	0.228	0.143
0.150	0.632	0.037	0.181
0.799	0.040	0.070	0.091
0.114	0.276	0.495	0.115
0.215	0.421	0.154	0.211
0.131	0.259	0.452	0.159
0.139	0.535	0.107	0.219
>TTCCAACGAA	6-TTCCAACGAA	11.958585	-349.685216	0	T:227.0(0.21%),B:20.7(0.02%),P:1e-151	Tpos:497.6,Tstd:288.5,Bpos:539.2,Bstd:272.1,StrandBias:0.9,Multiplicity:1.90
0.001	0.001	0.001	0.997
0.001	0.001	0.001	0.997
0.001	0.997	0.001	0.001
0.001	0.845	0.153	0.001
0.997	0.001	0.001	0.001
0.997	0.001	0.001	0.001
0.001	0.997	0.001	0.001
0.001	0.001	0.997	0.001
0.997	0.001	0.001	0.001
0.997	0.001	0.001	0.001
>GCTCTGCGGA	7-GCTCTGCGGA	6.057492	-341.474215	0	T:58838.0(54.70%),B:54983.8(50.74%),P:1e-148	Tpos:501.7,Tstd:279.4,Bpos:500.0,Bstd:306.5,StrandBias:0.0,Multiplicity:1.38
0.046	0.063	0.823	0.068
0.043	0.848	0.049	0.060
0.069	0.084	0.031	0.816
0.034	0.812	0.056	0.098
0.080	0.064	0.031	0.825
0.064	0.052	0.840	0.044
0.107	0.691	0.074	0.128
0.076	0.130	0.716	0.078
0.077	0.020	0.779	0.124
0.850	0.038	0.072	0.040
>TAATGCACGG	8-TAATGCACGG	4.732308	-329.957768	0	T:66297.0(61.63%),B:62637.4(57.81%),P:1e-143	Tpos:499.9,Tstd:285.9,Bpos:500.9,Bstd:303.7,StrandBias:0.0,Multiplicity:1.46
0.120	0.119	0.100	0.661
0.698	0.103	0.103	0.096
0.717	0.110	0.090	0.083
0.105	0.084	0.103	0.708
0.111	0.112	0.658	0.119
0.108	0.711	0.078	0.103
0.749	0.085	0.074	0.092
0.080	0.711	0.109	0.100
0.110	0.111	0.679	0.100
0.101	0.095	0.707	0.097
>TCTACACTGT	9-TCTACACTGT	5.113163	-307.848146	0	T:70330.0(65.38%),B:66914.4(61.75%),P:1e-133	Tpos:501.2,Tstd:282.3,Bpos:500.8,Bstd:304.6,StrandBias:-0.0,Multiplicity:1.49
0.053	0.113	0.073	0.761
0.044	0.839	0.062	0.055
0.067	0.108	0.033	0.792
0.799	0.074	0.070	0.057
0.047	0.814	0.059	0.080
0.774	0.085	0.049	0.092
0.057	0.835	0.050	0.058
0.082	0.072	0.065	0.781
0.077	0.096	0.778	0.049
0.043	0.060	0.069	0.828
>TTTGCAAGCG	10-TTTGCAAGCG	5.033176	-281.280805	0	T:61392.0(57.07%),B:57970.3(53.50%),P:1e-122	Tpos:499.0,Tstd:289.9,Bpos:499.1,Bstd:300.7,StrandBias:-0.0,Multiplicity:1.50
0.080	0.121	0.075	0.724
0.092	0.111	0.091	0.706
0.097	0.078	0.090	0.735
0.100	0.113	0.698	0.089
0.138	0.673	0.109	0.080
0.760	0.083	0.081	0.076
0.683	0.110	0.083	0.124
0.125	0.081	0.699	0.095
0.097	0.676	0.110	0.117
0.151	0.115	0.645	0.089
>GCGTGTTTAA	11-GCGTGTTTAA	4.782422	-243.408153	0	T:56260.0(52.30%),B:53058.0(48.97%),P:1e-105	Tpos:499.0,Tstd:290.8,Bpos:500.4,Bstd:298.5,StrandBias:0.0,Multiplicity:1.40
0.087	0.100	0.712	0.101
0.117	0.666	0.094	0.123
0.105	0.091	0.710	0.094
0.112	0.082	0.114	0.692
0.100	0.085	0.700	0.115
0.103	0.084	0.084	0.729
0.095	0.107	0.097	0.701
0.113	0.108	0.119	0.660
0.714	0.106	0.088	0.092
0.715	0.099	0.093	0.093
>GATATTCCCG	12-GATATTCCCG	10.296193	-212.880582	0	T:137.0(0.13%),B:12.2(0.01%),P:1e-92	Tpos:518.6,Tstd:271.6,Bpos:495.7,Bstd:222.5,StrandBias:1.2,Multiplicity:1.28
0.100	0.100	0.700	0.100
0.700	0.100	0.100	0.100
0.100	0.100	0.100	0.700
0.700	0.100	0.100	0.100
0.100	0.100	0.100	0.700
0.100	0.100	0.100	0.700
0.100	0.700	0.100	0.100
0.100	0.700	0.100	0.100
0.100	0.700	0.100	0.100
0.100	0.100	0.700	0.100
>CGATATTTSC	13-CGATATTTSC	11.188950	-137.945838	0	T:528.0(0.49%),B:237.5(0.22%),P:1e-59	Tpos:499.2,Tstd:294.1,Bpos:518.2,Bstd:297.0,StrandBias:0.7,Multiplicity:1.31
0.382	0.616	0.001	0.001
0.001	0.001	0.997	0.001
0.997	0.001	0.001	0.001
0.001	0.001	0.001	0.997
0.997	0.001	0.001	0.001
0.001	0.001	0.001	0.997
0.177	0.001	0.001	0.821
0.319	0.001	0.001	0.679
0.001	0.517	0.481	0.001
0.001	0.636	0.362	0.001
>TCCGAATATC	14-TCCGAATATC	11.802372	-134.185315	0	T:546.0(0.51%),B:252.3(0.23%),P:1e-58	Tpos:500.2,Tstd:286.5,Bpos:468.9,Bstd:284.0,StrandBias:0.7,Multiplicity:1.39
0.001	0.001	0.001	0.997
0.001	0.997	0.001	0.001
0.001	0.646	0.352	0.001
0.381	0.001	0.617	0.001
0.997	0.001	0.001	0.001
0.997	0.001	0.001	0.001
0.001	0.001	0.001	0.997
0.970	0.001	0.028	0.001
0.001	0.001	0.001	0.997
0.001	0.997	0.001	0.001
>GAAGCATTCT	15-GAAGCATTCT	10.296193	-120.157322	0	T:510.0(0.47%),B:240.3(0.22%),P:1e-52	Tpos:495.5,Tstd:278.6,Bpos:515.6,Bstd:284.6,StrandBias:-1.2,Multiplicity:2.00
0.100	0.100	0.700	0.100
0.700	0.100	0.100	0.100
0.700	0.100	0.100	0.100
0.100	0.100	0.700	0.100
0.100	0.700	0.100	0.100
0.700	0.100	0.100	0.100
0.100	0.100	0.100	0.700
0.100	0.100	0.100	0.700
0.100	0.700	0.100	0.100
0.100	0.100	0.100	0.700
>AAAGAGTGTT	16-AAAGAGTGTT	13.789858	-115.594997	0	T:504.0(0.47%),B:240.4(0.22%),P:1e-50	Tpos:493.0,Tstd:289.0,Bpos:500.4,Bstd:292.4,StrandBias:0.6,Multiplicity:1.66
0.997	0.001	0.001	0.001
0.997	0.001	0.001	0.001
0.997	0.001	0.001	0.001
0.001	0.001	0.997	0.001
0.997	0.001	0.001	0.001
0.001	0.001	0.997	0.001
0.001	0.043	0.001	0.955
0.001	0.001	0.997	0.001
0.001	0.001	0.001	0.997
0.001	0.001	0.001	0.997
>CTGTGATATT	17-CTGTGATATT	-0.537991	-105.883797	0	T:63784.0(59.30%),B:61918.5(57.14%),P:1e-45	Tpos:500.8,Tstd:291.8,Bpos:499.3,Bstd:303.5,StrandBias:0.0,Multiplicity:1.59
0.001	0.997	0.001	0.001
0.001	0.044	0.055	0.900
0.001	0.001	0.997	0.001
0.001	0.368	0.001	0.630
0.001	0.001	0.997	0.001
0.997	0.001	0.001	0.001
0.001	0.001	0.001	0.997
0.997	0.001	0.001	0.001
0.001	0.001	0.001	0.997
0.001	0.001	0.001	0.997
>GTTCAACTCT	18-GTTCAACTCT	11.325637	-93.240642	0	T:704.0(0.65%),B:409.3(0.38%),P:1e-40	Tpos:516.0,Tstd:282.4,Bpos:517.2,Bstd:288.5,StrandBias:0.2,Multiplicity:1.44
0.001	0.001	0.997	0.001
0.001	0.001	0.001	0.997
0.001	0.001	0.001	0.997
0.001	0.997	0.001	0.001
0.997	0.001	0.001	0.001
0.997	0.001	0.001	0.001
0.001	0.997	0.001	0.001
0.093	0.001	0.001	0.905
0.001	0.997	0.001	0.001
0.127	0.001	0.001	0.871
>AATCGAATGG	19-AATCGAATGG	2.756325	-81.602057	0	T:54011.0(50.21%),B:52342.7(48.31%),P:1e-35	Tpos:498.1,Tstd:282.3,Bpos:502.9,Bstd:303.9,StrandBias:-0.1,Multiplicity:1.71
0.703	0.295	0.001	0.001
0.647	0.351	0.001	0.001
0.001	0.001	0.001	0.997
0.001	0.647	0.351	0.001
0.001	0.001	0.997	0.001
0.997	0.001	0.001	0.001
0.648	0.350	0.001	0.001
0.001	0.001	0.001	0.997
0.001	0.350	0.648	0.001
0.001	0.001	0.997	0.001
>GCGATGTAAC	20-GCGATGTAAC	2.846939	-81.556806	0	T:33133.0(30.80%),B:31490.2(29.06%),P:1e-35	Tpos:498.5,Tstd:288.2,Bpos:499.1,Bstd:302.4,StrandBias:0.0,Multiplicity:1.22
0.001	0.001	0.690	0.308
0.001	0.595	0.001	0.403
0.001	0.113	0.885	0.001
0.885	0.001	0.113	0.001
0.001	0.221	0.001	0.777
0.048	0.001	0.950	0.001
0.001	0.001	0.001	0.997
0.728	0.001	0.001	0.270
0.712	0.001	0.001	0.286
0.001	0.997	0.001	0.001
>TATCCTATCC	21-TATCCTATCC	6.404373	-52.149356	0	T:48321.0(44.92%),B:47053.7(43.43%),P:1e-22	Tpos:499.8,Tstd:283.5,Bpos:501.2,Bstd:304.5,StrandBias:0.0,Multiplicity:1.44
0.100	0.100	0.100	0.700
0.700	0.100	0.100	0.100
0.100	0.100	0.100	0.700
0.100	0.700	0.100	0.100
0.100	0.700	0.100	0.100
0.100	0.100	0.100	0.700
0.700	0.100	0.100	0.100
0.100	0.100	0.100	0.700
0.100	0.700	0.100	0.100
0.100	0.700	0.100	0.100
>GATCAGTGCA	22-GATCAGTGCA	10.296193	-44.244138	0	T:248.0(0.23%),B:132.7(0.12%),P:1e-19	Tpos:500.2,Tstd:284.5,Bpos:504.8,Bstd:328.1,StrandBias:0.0,Multiplicity:3.03
0.100	0.100	0.700	0.100
0.700	0.100	0.100	0.100
0.100	0.100	0.100	0.700
0.100	0.700	0.100	0.100
0.700	0.100	0.100	0.100
0.100	0.100	0.700	0.100
0.100	0.100	0.100	0.700
0.100	0.100	0.700	0.100
0.100	0.700	0.100	0.100
0.700	0.100	0.100	0.100
>TAAAATCTCG	23-TAAAATCTCG	8.495383	-33.580960	0	T:699.0(0.65%),B:516.8(0.48%),P:1e-14	Tpos:502.8,Tstd:292.0,Bpos:502.6,Bstd:297.0,StrandBias:-0.9,Multiplicity:1.46
0.001	0.001	0.001	0.997
0.997	0.001	0.001	0.001
0.997	0.001	0.001	0.001
0.997	0.001	0.001	0.001
0.997	0.001	0.001	0.001
0.059	0.001	0.001	0.939
0.001	0.997	0.001	0.001
0.001	0.001	0.001	0.997
0.081	0.917	0.001	0.001
0.001	0.001	0.997	0.001
>GCGACATGCG	24-GCGACATGCG	6.404373	-20.628581	0	T:23897.0(22.22%),B:23257.2(21.46%),P:1e-8	Tpos:502.4,Tstd:282.1,Bpos:502.1,Bstd:296.4,StrandBias:0.0,Multiplicity:1.17
0.100	0.100	0.700	0.100
0.100	0.700	0.100	0.100
0.100	0.100	0.700	0.100
0.700	0.100	0.100	0.100
0.100	0.700	0.100	0.100
0.700	0.100	0.100	0.100
0.100	0.100	0.100	0.700
0.100	0.100	0.700	0.100
0.100	0.700	0.100	0.100
0.100	0.100	0.700	0.100
>TAACCCTAAC	25-TAACCCTAAC	-4.242297	-19.800489	0	T:51970.0(48.31%),B:51386.1(47.42%),P:1e-8	Tpos:500.6,Tstd:283.4,Bpos:500.1,Bstd:297.1,StrandBias:-0.0,Multiplicity:1.50
0.001	0.001	0.001	0.997
0.997	0.001	0.001	0.001
0.997	0.001	0.001	0.001
0.001	0.997	0.001	0.001
0.001	0.984	0.014	0.001
0.001	0.997	0.001	0.001
0.001	0.001	0.001	0.997
0.997	0.001	0.001	0.001
0.997	0.001	0.001	0.001
0.001	0.997	0.001	0.001
>CCGTTTMGAACG	1-CCGTTTMGAACG	11.000707	-792.026197	0	T:186.0(0.17%),B:1.9(0.00%),P:1e-343	Tpos:505.2,Tstd:285.8,Bpos:373.6,Bstd:224.4,StrandBias:1.0,Multiplicity:2.08
0.384	0.571	0.020	0.025
0.022	0.672	0.271	0.035
0.132	0.034	0.709	0.125
0.052	0.021	0.033	0.894
0.039	0.061	0.055	0.845
0.031	0.224	0.139	0.606
0.283	0.424	0.142	0.151
0.089	0.329	0.546	0.036
0.879	0.054	0.028	0.039
0.849	0.041	0.074	0.036
0.152	0.428	0.228	0.191
0.030	0.062	0.869	0.039
>CWGCHCTGTGCT	2-CWGCHCTGTGCT	6.785735	-710.787583	0	T:63530.0(59.06%),B:57824.4(53.37%),P:1e-308	Tpos:500.6,Tstd:272.2,Bpos:502.2,Bstd:307.7,StrandBias:-0.0,Multiplicity:1.61
0.127	0.626	0.149	0.098
0.504	0.065	0.060	0.371
0.053	0.181	0.765	0.001
0.184	0.492	0.147	0.176
0.224	0.363	0.153	0.260
0.002	0.968	0.029	0.001
0.204	0.160	0.003	0.633
0.001	0.001	0.912	0.086
0.153	0.100	0.234	0.513
0.055	0.170	0.665	0.110
0.039	0.778	0.078	0.105
0.296	0.107	0.081	0.516
>ACAGAGTTGAAC	3-ACAGAGTTGAAC	12.355432	-471.349656	0	T:179.0(0.17%),B:5.4(0.01%),P:1e-204	Tpos:516.6,Tstd:282.4,Bpos:617.3,Bstd:266.3,StrandBias:-0.9,Multiplicity:1.69
0.700	0.100	0.100	0.100
0.100	0.700	0.100	0.100
0.700	0.100	0.100	0.100
0.100	0.100	0.700	0.100
0.700	0.100	0.100	0.100
0.100	0.100	0.700	0.100
0.100	0.100	0.100	0.700
0.100	0.100	0.100	0.700
0.100	0.100	0.700	0.100
0.700	0.100	0.100	0.100
0.700	0.100	0.100	0.100
0.100	0.700	0.100	0.100
>CCAAATATCCAC	4-CCAAATATCCAC	10.300866	-456.877476	0	T:200.0(0.19%),B:8.8(0.01%),P:1e-198	Tpos:498.0,Tstd:281.9,Bpos:443.4,Bstd:218.2,StrandBias:0.9,Multiplicity:1.72
0.001	0.997	0.001	0.001
0.001	0.994	0.004	0.001
0.997	0.001	0.001	0.001
0.997	0.001	0.001	0.001
0.997	0.001	0.001	0.001
0.001	0.001	0.001	0.997
0.997	0.001	0.001	0.001
0.001	0.001	0.001	0.997
0.001	0.997	0.001	0.001
0.001	0.681	0.317	0.001
0.669	0.001	0.329	0.001
0.001	0.997	0.001	0.001
>TGAGAATGCTTC	5-TGAGAATGCTTC	12.355432	-416.650933	0	T:207.0(0.19%),B:11.4(0.01%),P:1e-180	Tpos:495.1,Tstd:275.5,Bpos:585.9,Bstd:272.6,StrandBias:2.3,Multiplicity:3.14
0.100	0.100	0.100	0.700
0.100	0.100	0.700	0.100
0.700	0.100	0.100	0.100
0.100	0.100	0.700	0.100
0.700	0.100	0.100	0.100
0.700	0.100	0.100	0.100
0.100	0.100	0.100	0.700
0.100	0.100	0.700	0.100
0.100	0.700	0.100	0.100
0.100	0.100	0.100	0.700
0.100	0.100	0.100	0.700
0.100	0.700	0.100	0.100
>GCGCTCTAAATG	6-GCGCTCTAAATG	13.154404	-369.347442	0	T:118.0(0.11%),B:2.6(0.00%),P:1e-160	Tpos:505.6,Tstd:272.3,Bpos:227.4,Bstd:200.3,StrandBias:0.5,Multiplicity:1.22
0.001	0.001	0.997	0.001
0.001	0.997	0.001	0.001
0.001	0.001	0.997	0.001
0.287	0.711	0.001	0.001
0.099	0.001	0.035	0.865
0.034	0.964	0.001	0.001
0.001	0.213	0.001	0.785
0.899	0.099	0.001	0.001
0.865	0.001	0.099	0.035
0.899	0.099	0.001	0.001
0.001	0.034	0.001	0.964
0.001	0.001	0.899	0.099
>TGCAGATTCTAC	7-TGCAGATTCTAC	16.371312	-314.081104	0	T:160.0(0.15%),B:10.0(0.01%),P:1e-136	Tpos:522.0,Tstd:271.0,Bpos:389.6,Bstd:265.7,StrandBias:1.9,Multiplicity:1.54
0.001	0.001	0.001	0.997
0.001	0.001	0.997	0.001
0.001	0.997	0.001	0.001
0.994	0.001	0.004	0.001
0.001	0.001	0.997	0.001
0.997	0.001	0.001	0.001
0.001	0.001	0.001	0.997
0.202	0.001	0.001	0.796
0.001	0.997	0.001	0.001
0.001	0.001	0.001	0.997
0.997	0.001	0.001	0.001
0.001	0.997	0.001	0.001
>GAAGATATTTCC	8-GAAGATATTTCC	16.464793	-304.224055	0	T:204.0(0.19%),B:19.4(0.02%),P:1e-132	Tpos:493.4,Tstd:286.7,Bpos:416.4,Bstd:276.4,StrandBias:1.2,Multiplicity:1.68
0.001	0.001	0.997	0.001
0.997	0.001	0.001	0.001
0.994	0.004	0.001	0.001
0.001	0.001	0.997	0.001
0.997	0.001	0.001	0.001
0.001	0.001	0.001	0.997
0.997	0.001	0.001	0.001
0.001	0.001	0.001	0.997
0.001	0.001	0.001	0.997
0.001	0.124	0.001	0.874
0.001	0.997	0.001	0.001
0.001	0.997	0.001	0.001
>CATAGGCCTCAA	9-CATAGGCCTCAA	10.884354	-287.791628	0	T:139.0(0.13%),B:7.7(0.01%),P:1e-124	Tpos:499.6,Tstd:273.6,Bpos:564.9,Bstd:410.4,StrandBias:2.6,Multiplicity:1.29
0.001	0.997	0.001	0.001
0.764	0.001	0.234	0.001
0.001	0.001	0.001	0.997
0.997	0.001	0.001	0.001
0.001	0.001	0.997	0.001
0.001	0.001	0.997	0.001
0.001	0.997	0.001	0.001
0.001	0.984	0.014	0.001
0.001	0.001	0.001	0.997
0.001	0.997	0.001	0.001
0.997	0.001	0.001	0.001
0.997	0.001	0.001	0.001
>TCAAAACTGCTC	10-TCAAAACTGCTC	14.319699	-286.187949	0	T:184.0(0.17%),B:16.2(0.01%),P:1e-124	Tpos:505.9,Tstd:281.0,Bpos:412.9,Bstd:249.3,StrandBias:1.9,Multiplicity:1.38
0.001	0.001	0.001	0.997
0.001	0.997	0.001	0.001
0.997	0.001	0.001	0.001
0.997	0.001	0.001	0.001
0.997	0.001	0.001	0.001
0.997	0.001	0.001	0.001
0.001	0.997	0.001	0.001
0.001	0.001	0.102	0.896
0.001	0.001	0.997	0.001
0.001	0.997	0.001	0.001
0.001	0.001	0.001	0.997
0.001	0.997	0.001	0.001
>GAAACACTCTTT	11-GAAACACTCTTT	14.125543	-274.214177	0	T:227.0(0.21%),B:29.1(0.03%),P:1e-119	Tpos:491.5,Tstd:288.0,Bpos:427.3,Bstd:326.0,StrandBias:-1.1,Multiplicity:2.33
0.001	0.001	0.997	0.001
0.997	0.001	0.001	0.001
0.997	0.001	0.001	0.001
0.997	0.001	0.001	0.001
0.001	0.997	0.001	0.001
0.914	0.001	0.084	0.001
0.001	0.997	0.001	0.001
0.001	0.001	0.001	0.997
0.001	0.997	0.001	0.001
0.001	0.001	0.001	0.997
0.001	0.001	0.001	0.997
0.001	0.001	0.001	0.997
>ATAAAAACTAGA	12-ATAAAAACTAGA	16.140446	-197.974015	0	T:150.0(0.14%),B:17.3(0.02%),P:1e-85	Tpos:493.8,Tstd:273.1,Bpos:479.4,Bstd:294.5,StrandBias:-1.5,Multiplicity:1.46
0.997	0.001	0.001	0.001
0.001	0.001	0.001	0.997
0.997	0.001	0.001	0.001
0.997	0.001	0.001	0.001
0.997	0.001	0.001	0.001
0.997	0.001	0.001	0.001
0.630	0.001	0.001	0.368
0.001	0.997	0.001	0.001
0.001	0.001	0.001	0.997
0.997	0.001	0.001	0.001
0.001	0.001	0.997	0.001
0.997	0.001	0.001	0.001
>AAATCCTCAAAG	13-AAATCCTCAAAG	14.887683	-162.845703	0	T:226.0(0.21%),B:52.9(0.05%),P:1e-70	Tpos:488.3,Tstd:287.0,Bpos:531.4,Bstd:268.1,StrandBias:0.7,Multiplicity:1.36
0.997	0.001	0.001	0.001
0.997	0.001	0.001	0.001
0.997	0.001	0.001	0.001
0.001	0.001	0.001	0.997
0.001	0.997	0.001	0.001
0.001	0.997	0.001	0.001
0.001	0.001	0.001	0.997
0.001	0.997	0.001	0.001
0.997	0.001	0.001	0.001
0.818	0.001	0.180	0.001
0.997	0.001	0.001	0.001
0.001	0.001	0.997	0.001
>NCCCTAACCCTB	14-NCCCTAACCCTB	6.463238	-117.027382	0	T:58783.0(54.65%),B:56731.3(52.36%),P:1e-50	Tpos:500.9,Tstd:277.5,Bpos:501.6,Bstd:306.9,StrandBias:0.0,Multiplicity:1.57
0.214	0.190	0.305	0.291
0.138	0.763	0.008	0.091
0.122	0.620	0.005	0.253
0.283	0.485	0.006	0.227
0.008	0.269	0.040	0.683
0.398	0.194	0.244	0.164
0.418	0.187	0.219	0.176
0.214	0.446	0.212	0.129
0.283	0.470	0.006	0.241
0.020	0.868	0.004	0.108
0.113	0.008	0.006	0.873
0.140	0.253	0.343	0.263
>AATATCACAGDG	15-AATATCACAGDG	9.681288	-115.696340	0	T:660.0(0.61%),B:349.3(0.32%),P:1e-50	Tpos:493.6,Tstd:283.3,Bpos:509.0,Bstd:307.7,StrandBias:0.3,Multiplicity:2.30
0.644	0.102	0.215	0.039
0.643	0.148	0.181	0.028
0.017	0.374	0.017	0.592
0.703	0.017	0.266	0.014
0.015	0.113	0.020	0.852
0.012	0.687	0.095	0.206
0.580	0.173	0.228	0.019
0.182	0.626	0.017	0.175
0.548	0.134	0.192	0.126
0.328	0.116	0.545	0.011
0.310	0.089	0.313	0.288
0.236	0.009	0.744	0.011
>GTGATCAGTGCA	16-GTGATCAGTGCA	13.667872	-105.952461	0	T:110.0(0.10%),B:19.2(0.02%),P:1e-46	Tpos:497.6,Tstd:281.7,Bpos:559.6,Bstd:363.7,StrandBias:-0.0,Multiplicity:4.50
0.001	0.001	0.997	0.001
0.001	0.001	0.001	0.997
0.025	0.001	0.941	0.033
0.997	0.001	0.001	0.001
0.001	0.001	0.001	0.997
0.001	0.997	0.001	0.001
0.997	0.001	0.001	0.001
0.001	0.001	0.997	0.001
0.001	0.002	0.001	0.996
0.001	0.001	0.997	0.001
0.057	0.941	0.001	0.001
0.986	0.001	0.012	0.001
>ATGGAATGGAAT	17-ATGGAATGGAAT	16.214521	-100.990501	0	T:150.0(0.14%),B:37.4(0.03%),P:1e-43	Tpos:508.3,Tstd:276.8,Bpos:526.5,Bstd:299.3,StrandBias:-1.1,Multiplicity:10.96
0.954	0.001	0.041	0.004
0.011	0.013	0.001	0.975
0.017	0.044	0.921	0.018
0.005	0.016	0.978	0.001
0.993	0.001	0.001	0.005
0.980	0.003	0.016	0.001
0.011	0.018	0.001	0.970
0.013	0.035	0.936	0.016
0.009	0.024	0.963	0.004
0.996	0.002	0.001	0.001
0.960	0.018	0.016	0.006
0.024	0.012	0.001	0.963
>GAATGGAATGGA	18-GAATGGAATGGA	13.533006	-84.000635	0	T:169.0(0.16%),B:53.4(0.05%),P:1e-36	Tpos:475.7,Tstd:286.4,Bpos:529.4,Bstd:350.5,StrandBias:-0.3,Multiplicity:3.57
0.044	0.031	0.894	0.031
0.981	0.001	0.003	0.015
0.652	0.152	0.169	0.027
0.020	0.126	0.001	0.853
0.044	0.244	0.673	0.039
0.027	0.035	0.908	0.030
0.976	0.015	0.001	0.008
0.679	0.140	0.151	0.030
0.013	0.134	0.005	0.848
0.031	0.295	0.629	0.045
0.039	0.025	0.927	0.009
0.981	0.006	0.006	0.007
>ATGCGAGTGCTG	19-ATGCGAGTGCTG	-8.828338	-83.308992	0	T:57186.0(53.16%),B:55519.8(51.24%),P:1e-36	Tpos:499.7,Tstd:281.5,Bpos:502.2,Bstd:305.4,StrandBias:0.0,Multiplicity:1.47
0.995	0.001	0.001	0.003
0.001	0.001	0.001	0.997
0.001	0.001	0.997	0.001
0.001	0.997	0.001	0.001
0.001	0.001	0.997	0.001
0.997	0.001	0.001	0.001
0.001	0.001	0.997	0.001
0.001	0.001	0.001	0.997
0.001	0.001	0.997	0.001
0.001	0.997	0.001	0.001
0.001	0.003	0.001	0.995
0.001	0.007	0.991	0.001
>GAATGGAATGGA	20-GAATGGAATGGA	10.567355	-77.384420	0	T:1116.0(1.04%),B:764.1(0.71%),P:1e-33	Tpos:488.7,Tstd:286.6,Bpos:504.0,Bstd:300.6,StrandBias:-0.1,Multiplicity:2.00
0.048	0.030	0.854	0.068
0.914	0.064	0.003	0.019
0.631	0.168	0.170	0.031
0.026	0.137	0.010	0.827
0.035	0.262	0.467	0.236
0.052	0.074	0.836	0.038
0.972	0.012	0.009	0.007
0.764	0.130	0.072	0.034
0.032	0.123	0.009	0.836
0.033	0.184	0.726	0.057
0.052	0.244	0.692	0.012
0.984	0.007	0.005	0.004
>ATGGAATGGAAT	21-ATGGAATGGAAT	12.806682	-76.082470	0	T:194.0(0.18%),B:71.7(0.07%),P:1e-33	Tpos:506.5,Tstd:293.0,Bpos:477.9,Bstd:288.5,StrandBias:-0.0,Multiplicity:2.31
0.711	0.068	0.206	0.015
0.012	0.124	0.014	0.850
0.067	0.247	0.658	0.028
0.136	0.027	0.797	0.040
0.956	0.037	0.006	0.001
0.738	0.129	0.107	0.026
0.075	0.077	0.082	0.766
0.030	0.248	0.683	0.039
0.059	0.062	0.854	0.025
0.956	0.004	0.025	0.015
0.865	0.038	0.085	0.012
0.044	0.039	0.009	0.908
>TATCCTATCCTA	22-TATCCTATCCTA	-4.512248	-51.116648	0	T:44385.0(41.26%),B:43124.0(39.80%),P:1e-22	Tpos:501.4,Tstd:285.8,Bpos:501.2,Bstd:302.9,StrandBias:0.0,Multiplicity:1.33
0.001	0.001	0.001	0.997
0.997	0.001	0.001	0.001
0.001	0.001	0.001	0.997
0.001	0.997	0.001	0.001
0.001	0.997	0.001	0.001
0.001	0.001	0.001	0.997
0.997	0.001	0.001	0.001
0.317	0.012	0.001	0.670
0.001	0.997	0.001	0.001
0.001	0.997	0.001	0.001
0.001	0.001	0.001	0.997
0.997	0.001	0.001	0.001
>CGCAACCATTTC	23-CGCAACCATTTC	0.262916	-38.140518	0	T:23967.0(22.28%),B:23004.6(21.23%),P:1e-16	Tpos:498.8,Tstd:286.5,Bpos:501.6,Bstd:298.2,StrandBias:0.0,Multiplicity:1.14
0.001	0.997	0.001	0.001
0.001	0.001	0.997	0.001
0.001	0.997	0.001	0.001
0.805	0.152	0.042	0.001
0.737	0.001	0.001	0.261
0.001	0.908	0.001	0.090
0.001	0.847	0.062	0.090
0.908	0.001	0.090	0.001
0.090	0.001	0.001	0.908
0.001	0.001	0.001	0.997
0.090	0.001	0.090	0.819
0.001	0.997	0.001	0.001
>AGGTGATGTAAC	24-AGGTGATGTAAC	16.394808	-36.399985	0	T:83.0(0.08%),B:29.2(0.03%),P:1e-15	Tpos:499.0,Tstd:263.7,Bpos:476.5,Bstd:281.4,StrandBias:0.1,Multiplicity:3.60
0.997	0.001	0.001	0.001
0.062	0.015	0.922	0.001
0.001	0.001	0.997	0.001
0.001	0.001	0.001	0.997
0.001	0.001	0.997	0.001
0.949	0.001	0.049	0.001
0.001	0.001	0.001	0.997
0.001	0.001	0.997	0.001
0.001	0.001	0.001	0.997
0.997	0.001	0.001	0.001
0.997	0.001	0.001	0.001
0.075	0.923	0.001	0.001
>CTAACCCTAACC	25-CTAACCCTAACC	-4.423785	-31.908320	0	T:54160.0(50.35%),B:53300.3(49.19%),P:1e-13	Tpos:499.5,Tstd:278.2,Bpos:501.0,Bstd:300.7,StrandBias:-0.0,Multiplicity:1.59
0.001	0.997	0.001	0.001
0.001	0.028	0.017	0.954
0.971	0.027	0.001	0.001
0.997	0.001	0.001	0.001
0.001	0.981	0.001	0.017
0.012	0.984	0.003	0.001
0.001	0.992	0.006	0.001
0.001	0.001	0.012	0.986
0.997	0.001	0.001	0.001
0.997	0.001	0.001	0.001
0.001	0.997	0.001	0.001
0.001	0.992	0.006	0.001
>CAGCACWG	1-CAGCACWG	7.346766	-481.409683	0	T:60432.0(56.18%),B:55783.0(51.48%),P:1e-209	Tpos:500.4,Tstd:275.6,Bpos:501.6,Bstd:309.0,StrandBias:0.0,Multiplicity:1.59
0.146	0.657	0.196	0.001
0.578	0.108	0.001	0.313
0.001	0.001	0.997	0.001
0.001	0.797	0.201	0.001
0.894	0.001	0.104	0.001
0.001	0.997	0.001	0.001
0.416	0.060	0.174	0.350
0.001	0.001	0.997	0.001
>CAGGGCTG	2-CAGGGCTG	3.588443	-465.933465	0	T:64941.0(60.37%),B:60453.2(55.79%),P:1e-202	Tpos:499.8,Tstd:277.0,Bpos:499.5,Bstd:306.0,StrandBias:0.0,Multiplicity:1.61
0.001	0.896	0.001	0.102
0.997	0.001	0.001	0.001
0.001	0.001	0.997	0.001
0.294	0.001	0.704	0.001
0.001	0.001	0.997	0.001
0.001	0.997	0.001	0.001
0.001	0.202	0.001	0.796
0.001	0.001	0.997	0.001
>CTCAGAGC	3-CTCAGAGC	6.773256	-414.085355	0	T:60968.0(56.68%),B:56700.1(52.33%),P:1e-179	Tpos:498.9,Tstd:279.6,Bpos:498.0,Bstd:308.2,StrandBias:-0.0,Multiplicity:1.58
0.061	0.937	0.001	0.001
0.186	0.115	0.087	0.612
0.036	0.637	0.225	0.102
0.743	0.001	0.038	0.218
0.168	0.001	0.830	0.001
0.929	0.069	0.001	0.001
0.145	0.001	0.853	0.001
0.189	0.721	0.054	0.036
>GCTTTGCA	4-GCTTTGCA	6.291044	-411.129562	0	T:66726.0(62.03%),B:62584.6(57.76%),P:1e-178	Tpos:499.1,Tstd:284.7,Bpos:500.5,Bstd:303.9,StrandBias:-0.0,Multiplicity:1.63
0.100	0.100	0.700	0.100
0.100	0.700	0.100	0.100
0.100	0.100	0.100	0.700
0.100	0.100	0.100	0.700
0.100	0.100	0.100	0.700
0.100	0.100	0.700	0.100
0.100	0.700	0.100	0.100
0.700	0.100	0.100	0.100
>GAMAGCCC	5-GAMAGCCC	6.123959	-378.713018	0	T:67106.0(62.39%),B:63163.2(58.29%),P:1e-164	Tpos:501.2,Tstd:282.5,Bpos:501.6,Bstd:305.7,StrandBias:0.0,Multiplicity:1.43
0.038	0.001	0.841	0.120
0.925	0.001	0.035	0.039
0.422	0.349	0.145	0.084
0.863	0.001	0.135	0.001
0.026	0.001	0.943	0.030
0.090	0.592	0.001	0.317
0.001	0.558	0.089	0.352
0.264	0.628	0.107	0.001
>TAAATGAG	6-TAAATGAG	3.520618	-340.837114	0	T:55698.0(51.78%),B:51821.5(47.83%),P:1e-148	Tpos:500.1,Tstd:293.5,Bpos:496.7,Bstd:304.4,StrandBias:-0.0,Multiplicity:1.49
0.001	0.125	0.001	0.873
0.870	0.002	0.054	0.074
0.997	0.001	0.001	0.001
0.997	0.001	0.001	0.001
0.001	0.001	0.001	0.997
0.001	0.001	0.997	0.001
0.609	0.389	0.001	0.001
0.127	0.001	0.871	0.001
>TSCAAACG	7-TSCAAACG	6.521671	-329.482962	0	T:48926.0(45.48%),B:45114.3(41.64%),P:1e-143	Tpos:499.7,Tstd:290.8,Bpos:499.9,Bstd:303.3,StrandBias:0.0,Multiplicity:1.38
0.001	0.001	0.034	0.964
0.001	0.439	0.559	0.001
0.001	0.608	0.390	0.001
0.830	0.001	0.001	0.168
0.997	0.001	0.001	0.001
0.997	0.001	0.001	0.001
0.001	0.596	0.001	0.402
0.405	0.001	0.593	0.001
>TCTGTGCT	8-TCTGTGCT	6.616915	-323.197413	0	T:69984.0(65.06%),B:66459.1(61.33%),P:1e-140	Tpos:499.1,Tstd:282.2,Bpos:502.1,Bstd:309.6,StrandBias:0.0,Multiplicity:1.40
0.001	0.001	0.001	0.997
0.001	0.917	0.081	0.001
0.044	0.001	0.001	0.954
0.075	0.079	0.845	0.001
0.115	0.066	0.087	0.732
0.001	0.054	0.944	0.001
0.035	0.914	0.001	0.050
0.042	0.156	0.059	0.743
>GAAGCATY	9-GAAGCATY	6.470849	-319.300058	0	T:37241.0(34.62%),B:33638.1(31.04%),P:1e-138	Tpos:498.8,Tstd:286.1,Bpos:500.1,Bstd:307.5,StrandBias:-0.0,Multiplicity:1.26
0.001	0.328	0.577	0.094
0.837	0.161	0.001	0.001
0.434	0.201	0.160	0.205
0.001	0.209	0.646	0.144
0.001	0.910	0.001	0.088
0.699	0.001	0.218	0.082
0.001	0.001	0.001	0.997
0.001	0.515	0.001	0.483
>TGCAGAGT	10-TGCAGAGT	6.735563	-318.018223	0	T:58767.0(54.63%),B:55063.1(50.82%),P:1e-138	Tpos:499.7,Tstd:282.3,Bpos:499.6,Bstd:308.7,StrandBias:0.0,Multiplicity:1.40
0.207	0.004	0.001	0.788
0.001	0.001	0.997	0.001
0.001	0.997	0.001	0.001
0.721	0.002	0.276	0.001
0.001	0.367	0.631	0.001
0.671	0.141	0.187	0.001
0.182	0.001	0.524	0.293
0.146	0.001	0.182	0.671
>ACGGTCCT	11-ACGGTCCT	6.206398	-299.472440	0	T:43778.0(40.70%),B:40196.5(37.10%),P:1e-130	Tpos:502.1,Tstd:280.0,Bpos:502.3,Bstd:305.1,StrandBias:0.0,Multiplicity:1.26
0.882	0.059	0.025	0.034
0.001	0.923	0.001	0.075
0.189	0.001	0.722	0.088
0.001	0.292	0.619	0.088
0.092	0.034	0.062	0.812
0.001	0.559	0.205	0.235
0.001	0.942	0.001	0.056
0.152	0.001	0.001	0.846
>CACGGGAN	12-CACGGGAN	5.909752	-283.229673	0	T:38821.0(36.09%),B:35413.9(32.68%),P:1e-123	Tpos:499.7,Tstd:281.0,Bpos:504.4,Bstd:300.0,StrandBias:0.0,Multiplicity:1.33
0.023	0.975	0.001	0.001
0.920	0.001	0.001	0.078
0.001	0.997	0.001	0.001
0.001	0.001	0.997	0.001
0.001	0.001	0.972	0.026
0.351	0.071	0.512	0.066
0.542	0.001	0.371	0.086
0.230	0.215	0.232	0.323
>GCTGTTTA	13-GCTGTTTA	6.395568	-275.755883	0	T:58033.0(53.95%),B:54610.4(50.40%),P:1e-119	Tpos:500.7,Tstd:287.0,Bpos:500.8,Bstd:306.1,StrandBias:0.0,Multiplicity:1.33
0.223	0.001	0.533	0.243
0.100	0.548	0.277	0.075
0.001	0.001	0.001	0.997
0.001	0.001	0.997	0.001
0.001	0.017	0.124	0.858
0.001	0.238	0.261	0.499
0.001	0.181	0.109	0.709
0.852	0.146	0.001	0.001
>GAGCATTY	14-GAGCATTY	5.472979	-270.719907	0	T:54679.0(50.83%),B:51267.5(47.31%),P:1e-117	Tpos:499.0,Tstd:286.9,Bpos:503.2,Bstd:305.5,StrandBias:-0.0,Multiplicity:1.31
0.015	0.102	0.627	0.256
0.724	0.237	0.013	0.026
0.334	0.020	0.631	0.015
0.001	0.700	0.298	0.001
0.701	0.287	0.011	0.001
0.265	0.109	0.189	0.437
0.015	0.278	0.171	0.536
0.157	0.401	0.096	0.346
>GCTTTCAW	15-GCTTTCAW	5.829190	-252.397857	0	T:69242.0(64.37%),B:66180.0(61.08%),P:1e-109	Tpos:500.8,Tstd:288.0,Bpos:500.7,Bstd:302.5,StrandBias:0.0,Multiplicity:1.51
0.001	0.198	0.800	0.001
0.033	0.899	0.001	0.067
0.023	0.001	0.121	0.855
0.001	0.061	0.001	0.937
0.048	0.071	0.001	0.880
0.103	0.618	0.278	0.001
0.816	0.085	0.025	0.074
0.492	0.082	0.001	0.424
>GTTTAGCA	16-GTTTAGCA	5.654991	-242.342323	0	T:48028.0(44.65%),B:44816.0(41.36%),P:1e-105	Tpos:500.0,Tstd:287.2,Bpos:500.9,Bstd:300.8,StrandBias:0.0,Multiplicity:1.33
0.080	0.001	0.918	0.001
0.024	0.001	0.117	0.858
0.027	0.067	0.022	0.884
0.053	0.040	0.119	0.788
0.936	0.001	0.062	0.001
0.083	0.030	0.868	0.019
0.094	0.884	0.021	0.001
0.931	0.035	0.001	0.033
>AGAGCGTT	17-AGAGCGTT	6.680274	-237.578472	0	T:48670.0(45.25%),B:45491.4(41.98%),P:1e-103	Tpos:500.9,Tstd:281.4,Bpos:500.5,Bstd:307.4,StrandBias:-0.0,Multiplicity:1.33
0.851	0.001	0.001	0.147
0.001	0.001	0.997	0.001
0.839	0.001	0.159	0.001
0.059	0.001	0.939	0.001
0.001	0.542	0.103	0.354
0.193	0.001	0.805	0.001
0.001	0.001	0.001	0.997
0.001	0.064	0.339	0.596
>TDAGCVCT	18-TDAGCVCT	5.816328	-235.127803	0	T:59703.0(55.50%),B:56597.9(52.23%),P:1e-102	Tpos:500.0,Tstd:285.2,Bpos:501.2,Bstd:303.3,StrandBias:0.0,Multiplicity:1.35
0.001	0.001	0.001	0.997
0.355	0.001	0.250	0.395
0.720	0.001	0.001	0.278
0.226	0.001	0.740	0.033
0.029	0.551	0.162	0.258
0.258	0.251	0.377	0.114
0.009	0.553	0.397	0.041
0.041	0.063	0.001	0.895
>CCTTAGAG	19-CCTTAGAG	6.905816	-230.369985	0	T:42078.0(39.12%),B:38992.1(35.99%),P:1e-100	Tpos:499.5,Tstd:281.0,Bpos:500.6,Bstd:305.8,StrandBias:0.0,Multiplicity:1.24
0.145	0.624	0.230	0.001
0.001	0.980	0.018	0.001
0.259	0.001	0.001	0.739
0.077	0.001	0.001	0.921
0.739	0.001	0.259	0.001
0.001	0.351	0.647	0.001
0.773	0.225	0.001	0.001
0.099	0.309	0.591	0.001
>CGTGTACA	20-CGTGTACA	4.657546	-132.501019	0	T:54242.0(50.43%),B:51989.6(47.98%),P:1e-57	Tpos:499.7,Tstd:281.8,Bpos:500.6,Bstd:303.7,StrandBias:0.0,Multiplicity:1.47
0.113	0.762	0.124	0.001
0.001	0.001	0.997	0.001
0.001	0.112	0.001	0.886
0.109	0.001	0.889	0.001
0.001	0.001	0.421	0.577
0.997	0.001	0.001	0.001
0.001	0.659	0.339	0.001
0.889	0.001	0.109	0.001
>GTAATATC	21-GTAATATC	9.164177	-36.421875	0	T:3887.0(3.61%),B:3432.7(3.17%),P:1e-15	Tpos:497.0,Tstd:296.1,Bpos:495.0,Bstd:298.2,StrandBias:-0.0,Multiplicity:1.26
0.001	0.152	0.846	0.001
0.198	0.001	0.001	0.800
0.997	0.001	0.001	0.001
0.883	0.001	0.115	0.001
0.001	0.001	0.001	0.997
0.997	0.001	0.001	0.001
0.001	0.001	0.001	0.997
0.001	0.997	0.001	0.001
>TTCAACTC	22-TTCAACTC	8.236954	-35.702578	0	T:3618.0(3.36%),B:3183.4(2.94%),P:1e-15	Tpos:499.8,Tstd:286.1,Bpos:496.0,Bstd:298.3,StrandBias:-0.0,Multiplicity:1.13
0.100	0.100	0.100	0.700
0.100	0.100	0.100	0.700
0.100	0.700	0.100	0.100
0.700	0.100	0.100	0.100
0.700	0.100	0.100	0.100
0.100	0.700	0.100	0.100
0.100	0.100	0.100	0.700
0.100	0.700	0.100	0.100
>ATTCCATT	23-ATTCCATT	4.134112	-34.402113	0	T:60398.0(56.15%),B:59539.7(54.95%),P:1e-14	Tpos:498.2,Tstd:293.1,Bpos:497.9,Bstd:301.7,StrandBias:0.1,Multiplicity:1.85
0.997	0.001	0.001	0.001
0.001	0.001	0.001	0.997
0.001	0.001	0.001	0.997
0.001	0.997	0.001	0.001
0.001	0.970	0.028	0.001
0.997	0.001	0.001	0.001
0.001	0.001	0.001	0.997
0.001	0.001	0.001	0.997
>TATCACAG	24-TATCACAG	10.644674	-25.083923	0	T:3174.0(2.95%),B:2839.0(2.62%),P:1e-10	Tpos:496.3,Tstd:287.2,Bpos:505.1,Bstd:312.0,StrandBias:0.0,Multiplicity:1.28
0.001	0.001	0.001	0.997
0.997	0.001	0.001	0.001
0.001	0.001	0.001	0.997
0.001	0.997	0.001	0.001
0.654	0.001	0.344	0.001
0.001	0.997	0.001	0.001
0.997	0.001	0.001	0.001
0.001	0.001	0.997	0.001
>ACCCTAAC	25-ACCCTAAC	6.291044	-18.485958	0	T:43781.0(40.70%),B:43191.6(39.86%),P:1e-8	Tpos:500.6,Tstd:279.9,Bpos:498.3,Bstd:303.0,StrandBias:-0.1,Multiplicity:1.41
0.700	0.100	0.100	0.100
0.100	0.700	0.100	0.100
0.100	0.700	0.100	0.100
0.100	0.700	0.100	0.100
0.100	0.100	0.100	0.700
0.700	0.100	0.100	0.100
0.700	0.100	0.100	0.100
0.100	0.700	0.100	0.100
