>CCGTTTMGAACG	1-CCGTTTMGAACG	11.000707	-792.026197	0	T:186.0(0.17%),B:1.9(0.00%),P:1e-343	Tpos:505.2,Tstd:285.8,Bpos:373.6,Bstd:224.4,StrandBias:1.0,Multiplicity:2.08
0.384	0.571	0.020	0.025
0.022	0.672	0.271	0.035
0.132	0.034	0.709	0.125
0.052	0.021	0.033	0.894
0.039	0.061	0.055	0.845
0.031	0.224	0.139	0.606
0.283	0.424	0.142	0.151
0.089	0.329	0.546	0.036
0.879	0.054	0.028	0.039
0.849	0.041	0.074	0.036
0.152	0.428	0.228	0.191
0.030	0.062	0.869	0.039
>CWGCHCTGTGCT	2-CWGCHCTGTGCT	6.785735	-710.787583	0	T:63530.0(59.06%),B:57824.4(53.37%),P:1e-308	Tpos:500.6,Tstd:272.2,Bpos:502.2,Bstd:307.7,StrandBias:-0.0,Multiplicity:1.61
0.127	0.626	0.149	0.098
0.504	0.065	0.060	0.371
0.053	0.181	0.765	0.001
0.184	0.492	0.147	0.176
0.224	0.363	0.153	0.260
0.002	0.968	0.029	0.001
0.204	0.160	0.003	0.633
0.001	0.001	0.912	0.086
0.153	0.100	0.234	0.513
0.055	0.170	0.665	0.110
0.039	0.778	0.078	0.105
0.296	0.107	0.081	0.516
>ACAGAGTTGAAC	3-ACAGAGTTGAAC	12.355432	-471.349656	0	T:179.0(0.17%),B:5.4(0.01%),P:1e-204	Tpos:516.6,Tstd:282.4,Bpos:617.3,Bstd:266.3,StrandBias:-0.9,Multiplicity:1.69
0.700	0.100	0.100	0.100
0.100	0.700	0.100	0.100
0.700	0.100	0.100	0.100
0.100	0.100	0.700	0.100
0.700	0.100	0.100	0.100
0.100	0.100	0.700	0.100
0.100	0.100	0.100	0.700
0.100	0.100	0.100	0.700
0.100	0.100	0.700	0.100
0.700	0.100	0.100	0.100
0.700	0.100	0.100	0.100
0.100	0.700	0.100	0.100
>CCAAATATCCAC	4-CCAAATATCCAC	10.300866	-456.877476	0	T:200.0(0.19%),B:8.8(0.01%),P:1e-198	Tpos:498.0,Tstd:281.9,Bpos:443.4,Bstd:218.2,StrandBias:0.9,Multiplicity:1.72
0.001	0.997	0.001	0.001
0.001	0.994	0.004	0.001
0.997	0.001	0.001	0.001
0.997	0.001	0.001	0.001
0.997	0.001	0.001	0.001
0.001	0.001	0.001	0.997
0.997	0.001	0.001	0.001
0.001	0.001	0.001	0.997
0.001	0.997	0.001	0.001
0.001	0.681	0.317	0.001
0.669	0.001	0.329	0.001
0.001	0.997	0.001	0.001
>TGAGAATGCTTC	5-TGAGAATGCTTC	12.355432	-416.650933	0	T:207.0(0.19%),B:11.4(0.01%),P:1e-180	Tpos:495.1,Tstd:275.5,Bpos:585.9,Bstd:272.6,StrandBias:2.3,Multiplicity:3.14
0.100	0.100	0.100	0.700
0.100	0.100	0.700	0.100
0.700	0.100	0.100	0.100
0.100	0.100	0.700	0.100
0.700	0.100	0.100	0.100
0.700	0.100	0.100	0.100
0.100	0.100	0.100	0.700
0.100	0.100	0.700	0.100
0.100	0.700	0.100	0.100
0.100	0.100	0.100	0.700
0.100	0.100	0.100	0.700
0.100	0.700	0.100	0.100
>GCGCTCTAAATG	6-GCGCTCTAAATG	13.154404	-369.347442	0	T:118.0(0.11%),B:2.6(0.00%),P:1e-160	Tpos:505.6,Tstd:272.3,Bpos:227.4,Bstd:200.3,StrandBias:0.5,Multiplicity:1.22
0.001	0.001	0.997	0.001
0.001	0.997	0.001	0.001
0.001	0.001	0.997	0.001
0.287	0.711	0.001	0.001
0.099	0.001	0.035	0.865
0.034	0.964	0.001	0.001
0.001	0.213	0.001	0.785
0.899	0.099	0.001	0.001
0.865	0.001	0.099	0.035
0.899	0.099	0.001	0.001
0.001	0.034	0.001	0.964
0.001	0.001	0.899	0.099
>TGCAGATTCTAC	7-TGCAGATTCTAC	16.371312	-314.081104	0	T:160.0(0.15%),B:10.0(0.01%),P:1e-136	Tpos:522.0,Tstd:271.0,Bpos:389.6,Bstd:265.7,StrandBias:1.9,Multiplicity:1.54
0.001	0.001	0.001	0.997
0.001	0.001	0.997	0.001
0.001	0.997	0.001	0.001
0.994	0.001	0.004	0.001
0.001	0.001	0.997	0.001
0.997	0.001	0.001	0.001
0.001	0.001	0.001	0.997
0.202	0.001	0.001	0.796
0.001	0.997	0.001	0.001
0.001	0.001	0.001	0.997
0.997	0.001	0.001	0.001
0.001	0.997	0.001	0.001
>GAAGATATTTCC	8-GAAGATATTTCC	16.464793	-304.224055	0	T:204.0(0.19%),B:19.4(0.02%),P:1e-132	Tpos:493.4,Tstd:286.7,Bpos:416.4,Bstd:276.4,StrandBias:1.2,Multiplicity:1.68
0.001	0.001	0.997	0.001
0.997	0.001	0.001	0.001
0.994	0.004	0.001	0.001
0.001	0.001	0.997	0.001
0.997	0.001	0.001	0.001
0.001	0.001	0.001	0.997
0.997	0.001	0.001	0.001
0.001	0.001	0.001	0.997
0.001	0.001	0.001	0.997
0.001	0.124	0.001	0.874
0.001	0.997	0.001	0.001
0.001	0.997	0.001	0.001
>CATAGGCCTCAA	9-CATAGGCCTCAA	10.884354	-287.791628	0	T:139.0(0.13%),B:7.7(0.01%),P:1e-124	Tpos:499.6,Tstd:273.6,Bpos:564.9,Bstd:410.4,StrandBias:2.6,Multiplicity:1.29
0.001	0.997	0.001	0.001
0.764	0.001	0.234	0.001
0.001	0.001	0.001	0.997
0.997	0.001	0.001	0.001
0.001	0.001	0.997	0.001
0.001	0.001	0.997	0.001
0.001	0.997	0.001	0.001
0.001	0.984	0.014	0.001
0.001	0.001	0.001	0.997
0.001	0.997	0.001	0.001
0.997	0.001	0.001	0.001
0.997	0.001	0.001	0.001
>TCAAAACTGCTC	10-TCAAAACTGCTC	14.319699	-286.187949	0	T:184.0(0.17%),B:16.2(0.01%),P:1e-124	Tpos:505.9,Tstd:281.0,Bpos:412.9,Bstd:249.3,StrandBias:1.9,Multiplicity:1.38
0.001	0.001	0.001	0.997
0.001	0.997	0.001	0.001
0.997	0.001	0.001	0.001
0.997	0.001	0.001	0.001
0.997	0.001	0.001	0.001
0.997	0.001	0.001	0.001
0.001	0.997	0.001	0.001
0.001	0.001	0.102	0.896
0.001	0.001	0.997	0.001
0.001	0.997	0.001	0.001
0.001	0.001	0.001	0.997
0.001	0.997	0.001	0.001
>GAAACACTCTTT	11-GAAACACTCTTT	14.125543	-274.214177	0	T:227.0(0.21%),B:29.1(0.03%),P:1e-119	Tpos:491.5,Tstd:288.0,Bpos:427.3,Bstd:326.0,StrandBias:-1.1,Multiplicity:2.33
0.001	0.001	0.997	0.001
0.997	0.001	0.001	0.001
0.997	0.001	0.001	0.001
0.997	0.001	0.001	0.001
0.001	0.997	0.001	0.001
0.914	0.001	0.084	0.001
0.001	0.997	0.001	0.001
0.001	0.001	0.001	0.997
0.001	0.997	0.001	0.001
0.001	0.001	0.001	0.997
0.001	0.001	0.001	0.997
0.001	0.001	0.001	0.997
>ATAAAAACTAGA	12-ATAAAAACTAGA	16.140446	-197.974015	0	T:150.0(0.14%),B:17.3(0.02%),P:1e-85	Tpos:493.8,Tstd:273.1,Bpos:479.4,Bstd:294.5,StrandBias:-1.5,Multiplicity:1.46
0.997	0.001	0.001	0.001
0.001	0.001	0.001	0.997
0.997	0.001	0.001	0.001
0.997	0.001	0.001	0.001
0.997	0.001	0.001	0.001
0.997	0.001	0.001	0.001
0.630	0.001	0.001	0.368
0.001	0.997	0.001	0.001
0.001	0.001	0.001	0.997
0.997	0.001	0.001	0.001
0.001	0.001	0.997	0.001
0.997	0.001	0.001	0.001
>AAATCCTCAAAG	13-AAATCCTCAAAG	14.887683	-162.845703	0	T:226.0(0.21%),B:52.9(0.05%),P:1e-70	Tpos:488.3,Tstd:287.0,Bpos:531.4,Bstd:268.1,StrandBias:0.7,Multiplicity:1.36
0.997	0.001	0.001	0.001
0.997	0.001	0.001	0.001
0.997	0.001	0.001	0.001
0.001	0.001	0.001	0.997
0.001	0.997	0.001	0.001
0.001	0.997	0.001	0.001
0.001	0.001	0.001	0.997
0.001	0.997	0.001	0.001
0.997	0.001	0.001	0.001
0.818	0.001	0.180	0.001
0.997	0.001	0.001	0.001
0.001	0.001	0.997	0.001
>NCCCTAACCCTB	14-NCCCTAACCCTB	6.463238	-117.027382	0	T:58783.0(54.65%),B:56731.3(52.36%),P:1e-50	Tpos:500.9,Tstd:277.5,Bpos:501.6,Bstd:306.9,StrandBias:0.0,Multiplicity:1.57
0.214	0.190	0.305	0.291
0.138	0.763	0.008	0.091
0.122	0.620	0.005	0.253
0.283	0.485	0.006	0.227
0.008	0.269	0.040	0.683
0.398	0.194	0.244	0.164
0.418	0.187	0.219	0.176
0.214	0.446	0.212	0.129
0.283	0.470	0.006	0.241
0.020	0.868	0.004	0.108
0.113	0.008	0.006	0.873
0.140	0.253	0.343	0.263
>AATATCACAGDG	15-AATATCACAGDG	9.681288	-115.696340	0	T:660.0(0.61%),B:349.3(0.32%),P:1e-50	Tpos:493.6,Tstd:283.3,Bpos:509.0,Bstd:307.7,StrandBias:0.3,Multiplicity:2.30
0.644	0.102	0.215	0.039
0.643	0.148	0.181	0.028
0.017	0.374	0.017	0.592
0.703	0.017	0.266	0.014
0.015	0.113	0.020	0.852
0.012	0.687	0.095	0.206
0.580	0.173	0.228	0.019
0.182	0.626	0.017	0.175
0.548	0.134	0.192	0.126
0.328	0.116	0.545	0.011
0.310	0.089	0.313	0.288
0.236	0.009	0.744	0.011
>GTGATCAGTGCA	16-GTGATCAGTGCA	13.667872	-105.952461	0	T:110.0(0.10%),B:19.2(0.02%),P:1e-46	Tpos:497.6,Tstd:281.7,Bpos:559.6,Bstd:363.7,StrandBias:-0.0,Multiplicity:4.50
0.001	0.001	0.997	0.001
0.001	0.001	0.001	0.997
0.025	0.001	0.941	0.033
0.997	0.001	0.001	0.001
0.001	0.001	0.001	0.997
0.001	0.997	0.001	0.001
0.997	0.001	0.001	0.001
0.001	0.001	0.997	0.001
0.001	0.002	0.001	0.996
0.001	0.001	0.997	0.001
0.057	0.941	0.001	0.001
0.986	0.001	0.012	0.001
>ATGGAATGGAAT	17-ATGGAATGGAAT	16.214521	-100.990501	0	T:150.0(0.14%),B:37.4(0.03%),P:1e-43	Tpos:508.3,Tstd:276.8,Bpos:526.5,Bstd:299.3,StrandBias:-1.1,Multiplicity:10.96
0.954	0.001	0.041	0.004
0.011	0.013	0.001	0.975
0.017	0.044	0.921	0.018
0.005	0.016	0.978	0.001
0.993	0.001	0.001	0.005
0.980	0.003	0.016	0.001
0.011	0.018	0.001	0.970
0.013	0.035	0.936	0.016
0.009	0.024	0.963	0.004
0.996	0.002	0.001	0.001
0.960	0.018	0.016	0.006
0.024	0.012	0.001	0.963
>GAATGGAATGGA	18-GAATGGAATGGA	13.533006	-84.000635	0	T:169.0(0.16%),B:53.4(0.05%),P:1e-36	Tpos:475.7,Tstd:286.4,Bpos:529.4,Bstd:350.5,StrandBias:-0.3,Multiplicity:3.57
0.044	0.031	0.894	0.031
0.981	0.001	0.003	0.015
0.652	0.152	0.169	0.027
0.020	0.126	0.001	0.853
0.044	0.244	0.673	0.039
0.027	0.035	0.908	0.030
0.976	0.015	0.001	0.008
0.679	0.140	0.151	0.030
0.013	0.134	0.005	0.848
0.031	0.295	0.629	0.045
0.039	0.025	0.927	0.009
0.981	0.006	0.006	0.007
>ATGCGAGTGCTG	19-ATGCGAGTGCTG	-8.828338	-83.308992	0	T:57186.0(53.16%),B:55519.8(51.24%),P:1e-36	Tpos:499.7,Tstd:281.5,Bpos:502.2,Bstd:305.4,StrandBias:0.0,Multiplicity:1.47
0.995	0.001	0.001	0.003
0.001	0.001	0.001	0.997
0.001	0.001	0.997	0.001
0.001	0.997	0.001	0.001
0.001	0.001	0.997	0.001
0.997	0.001	0.001	0.001
0.001	0.001	0.997	0.001
0.001	0.001	0.001	0.997
0.001	0.001	0.997	0.001
0.001	0.997	0.001	0.001
0.001	0.003	0.001	0.995
0.001	0.007	0.991	0.001
>GAATGGAATGGA	20-GAATGGAATGGA	10.567355	-77.384420	0	T:1116.0(1.04%),B:764.1(0.71%),P:1e-33	Tpos:488.7,Tstd:286.6,Bpos:504.0,Bstd:300.6,StrandBias:-0.1,Multiplicity:2.00
0.048	0.030	0.854	0.068
0.914	0.064	0.003	0.019
0.631	0.168	0.170	0.031
0.026	0.137	0.010	0.827
0.035	0.262	0.467	0.236
0.052	0.074	0.836	0.038
0.972	0.012	0.009	0.007
0.764	0.130	0.072	0.034
0.032	0.123	0.009	0.836
0.033	0.184	0.726	0.057
0.052	0.244	0.692	0.012
0.984	0.007	0.005	0.004
>ATGGAATGGAAT	21-ATGGAATGGAAT	12.806682	-76.082470	0	T:194.0(0.18%),B:71.7(0.07%),P:1e-33	Tpos:506.5,Tstd:293.0,Bpos:477.9,Bstd:288.5,StrandBias:-0.0,Multiplicity:2.31
0.711	0.068	0.206	0.015
0.012	0.124	0.014	0.850
0.067	0.247	0.658	0.028
0.136	0.027	0.797	0.040
0.956	0.037	0.006	0.001
0.738	0.129	0.107	0.026
0.075	0.077	0.082	0.766
0.030	0.248	0.683	0.039
0.059	0.062	0.854	0.025
0.956	0.004	0.025	0.015
0.865	0.038	0.085	0.012
0.044	0.039	0.009	0.908
>TATCCTATCCTA	22-TATCCTATCCTA	-4.512248	-51.116648	0	T:44385.0(41.26%),B:43124.0(39.80%),P:1e-22	Tpos:501.4,Tstd:285.8,Bpos:501.2,Bstd:302.9,StrandBias:0.0,Multiplicity:1.33
0.001	0.001	0.001	0.997
0.997	0.001	0.001	0.001
0.001	0.001	0.001	0.997
0.001	0.997	0.001	0.001
0.001	0.997	0.001	0.001
0.001	0.001	0.001	0.997
0.997	0.001	0.001	0.001
0.317	0.012	0.001	0.670
0.001	0.997	0.001	0.001
0.001	0.997	0.001	0.001
0.001	0.001	0.001	0.997
0.997	0.001	0.001	0.001
>CGCAACCATTTC	23-CGCAACCATTTC	0.262916	-38.140518	0	T:23967.0(22.28%),B:23004.6(21.23%),P:1e-16	Tpos:498.8,Tstd:286.5,Bpos:501.6,Bstd:298.2,StrandBias:0.0,Multiplicity:1.14
0.001	0.997	0.001	0.001
0.001	0.001	0.997	0.001
0.001	0.997	0.001	0.001
0.805	0.152	0.042	0.001
0.737	0.001	0.001	0.261
0.001	0.908	0.001	0.090
0.001	0.847	0.062	0.090
0.908	0.001	0.090	0.001
0.090	0.001	0.001	0.908
0.001	0.001	0.001	0.997
0.090	0.001	0.090	0.819
0.001	0.997	0.001	0.001
>AGGTGATGTAAC	24-AGGTGATGTAAC	16.394808	-36.399985	0	T:83.0(0.08%),B:29.2(0.03%),P:1e-15	Tpos:499.0,Tstd:263.7,Bpos:476.5,Bstd:281.4,StrandBias:0.1,Multiplicity:3.60
0.997	0.001	0.001	0.001
0.062	0.015	0.922	0.001
0.001	0.001	0.997	0.001
0.001	0.001	0.001	0.997
0.001	0.001	0.997	0.001
0.949	0.001	0.049	0.001
0.001	0.001	0.001	0.997
0.001	0.001	0.997	0.001
0.001	0.001	0.001	0.997
0.997	0.001	0.001	0.001
0.997	0.001	0.001	0.001
0.075	0.923	0.001	0.001
>CTAACCCTAACC	25-CTAACCCTAACC	-4.423785	-31.908320	0	T:54160.0(50.35%),B:53300.3(49.19%),P:1e-13	Tpos:499.5,Tstd:278.2,Bpos:501.0,Bstd:300.7,StrandBias:-0.0,Multiplicity:1.59
0.001	0.997	0.001	0.001
0.001	0.028	0.017	0.954
0.971	0.027	0.001	0.001
0.997	0.001	0.001	0.001
0.001	0.981	0.001	0.017
0.012	0.984	0.003	0.001
0.001	0.992	0.006	0.001
0.001	0.001	0.012	0.986
0.997	0.001	0.001	0.001
0.997	0.001	0.001	0.001
0.001	0.997	0.001	0.001
0.001	0.992	0.006	0.001
