>TATTCGGGTG	1-TATTCGGGTG	10.296193	-1041.733517	0	T:423.0(1.97%),B:18.7(0.07%),P:1e-452	Tpos:500.7,Tstd:129.0,Bpos:606.6,Bstd:242.3,StrandBias:0.2,Multiplicity:1.00
0.100	0.100	0.100	0.700
0.700	0.100	0.100	0.100
0.100	0.100	0.100	0.700
0.100	0.100	0.100	0.700
0.100	0.700	0.100	0.100
0.100	0.100	0.700	0.100
0.100	0.100	0.700	0.100
0.100	0.100	0.700	0.100
0.100	0.100	0.100	0.700
0.100	0.100	0.700	0.100
>TATAGTCTCG	2-TATAGTCTCG	7.620290	-1001.176405	0	T:297.0(1.38%),B:5.2(0.02%),P:1e-434	Tpos:503.3,Tstd:111.4,Bpos:556.4,Bstd:305.1,StrandBias:0.0,Multiplicity:1.00
0.001	0.001	0.001	0.997
0.997	0.001	0.001	0.001
0.001	0.001	0.001	0.997
0.997	0.001	0.001	0.001
0.001	0.002	0.996	0.001
0.001	0.001	0.001	0.997
0.001	0.996	0.002	0.001
0.001	0.001	0.001	0.997
0.001	0.997	0.001	0.001
0.001	0.001	0.997	0.001
>TAAGCCGGTC	3-TAAGCCGGTC	8.062145	-955.748030	0	T:339.0(1.58%),B:10.7(0.04%),P:1e-415	Tpos:502.7,Tstd:119.7,Bpos:467.0,Bstd:264.5,StrandBias:0.1,Multiplicity:1.00
0.105	0.147	0.043	0.705
0.532	0.171	0.279	0.018
0.431	0.272	0.138	0.160
0.116	0.083	0.658	0.143
0.188	0.464	0.205	0.143
0.031	0.922	0.008	0.039
0.003	0.285	0.575	0.137
0.107	0.175	0.624	0.094
0.069	0.208	0.194	0.529
0.103	0.555	0.071	0.271
>CGAATGGAAT	4-CGAATGGAAT	13.658243	-931.388681	0	T:251.0(1.17%),B:3.5(0.01%),P:1e-404	Tpos:523.3,Tstd:288.0,Bpos:463.0,Bstd:0.0,StrandBias:0.2,Multiplicity:2.43
0.001	0.844	0.154	0.001
0.001	0.001	0.997	0.001
0.997	0.001	0.001	0.001
0.997	0.001	0.001	0.001
0.001	0.001	0.001	0.997
0.001	0.009	0.989	0.001
0.001	0.001	0.997	0.001
0.997	0.001	0.001	0.001
0.997	0.001	0.001	0.001
0.001	0.001	0.001	0.997
>CCTATTCGGC	5-CCTATTCGGC	10.296193	-889.398418	0	T:401.0(1.87%),B:22.8(0.08%),P:1e-386	Tpos:513.5,Tstd:334.9,Bpos:499.6,Bstd:211.2,StrandBias:0.1,Multiplicity:1.00
0.100	0.700	0.100	0.100
0.100	0.700	0.100	0.100
0.100	0.100	0.100	0.700
0.700	0.100	0.100	0.100
0.100	0.100	0.100	0.700
0.100	0.100	0.100	0.700
0.100	0.700	0.100	0.100
0.100	0.100	0.700	0.100
0.100	0.100	0.700	0.100
0.100	0.700	0.100	0.100
>TTTGACTCGG	6-TTTGACTCGG	13.768693	-878.223428	0	T:362.0(1.68%),B:16.2(0.06%),P:1e-381	Tpos:506.9,Tstd:166.1,Bpos:535.8,Bstd:245.0,StrandBias:0.3,Multiplicity:1.00
0.001	0.001	0.001	0.997
0.063	0.001	0.001	0.935
0.001	0.001	0.001	0.997
0.001	0.001	0.997	0.001
0.997	0.001	0.001	0.001
0.001	0.997	0.001	0.001
0.001	0.001	0.001	0.997
0.001	0.997	0.001	0.001
0.001	0.001	0.997	0.001
0.001	0.001	0.997	0.001
>GTCCGTCACC	7-GTCCGTCACC	10.296193	-867.621479	0	T:383.0(1.78%),B:20.3(0.07%),P:1e-376	Tpos:503.3,Tstd:167.9,Bpos:532.7,Bstd:318.0,StrandBias:0.0,Multiplicity:1.00
0.100	0.100	0.700	0.100
0.100	0.100	0.100	0.700
0.100	0.700	0.100	0.100
0.100	0.700	0.100	0.100
0.100	0.100	0.700	0.100
0.100	0.100	0.100	0.700
0.100	0.700	0.100	0.100
0.700	0.100	0.100	0.100
0.100	0.700	0.100	0.100
0.100	0.700	0.100	0.100
>TCCATTCGAT	8-TCCATTCGAT	12.966228	-519.780428	0	T:211.0(0.98%),B:9.2(0.03%),P:1e-225	Tpos:528.0,Tstd:292.5,Bpos:165.3,Bstd:147.9,StrandBias:-0.2,Multiplicity:4.51
0.001	0.001	0.001	0.997
0.001	0.997	0.001	0.001
0.001	0.647	0.351	0.001
0.997	0.001	0.001	0.001
0.018	0.001	0.001	0.980
0.001	0.001	0.001	0.997
0.001	0.997	0.001	0.001
0.001	0.341	0.657	0.001
0.997	0.001	0.001	0.001
0.001	0.001	0.001	0.997
>ATCCAACGAA	9-ATCCAACGAA	7.705417	-472.213566	0	T:176.0(0.82%),B:6.1(0.02%),P:1e-205	Tpos:491.1,Tstd:286.9,Bpos:397.6,Bstd:163.6,StrandBias:0.5,Multiplicity:1.81
0.757	0.001	0.001	0.241
0.001	0.001	0.001	0.997
0.001	0.997	0.001	0.001
0.001	0.989	0.009	0.001
0.997	0.001	0.001	0.001
0.997	0.001	0.001	0.001
0.001	0.997	0.001	0.001
0.001	0.001	0.997	0.001
0.997	0.001	0.001	0.001
0.997	0.001	0.001	0.001
>ATGGAATGGA	10-ATGGAATGGA	13.630947	-331.059286	0	T:299.0(1.39%),B:55.8(0.20%),P:1e-143	Tpos:498.5,Tstd:272.6,Bpos:563.3,Bstd:286.2,StrandBias:0.9,Multiplicity:27.52
0.997	0.001	0.001	0.001
0.001	0.001	0.001	0.997
0.001	0.118	0.880	0.001
0.001	0.001	0.997	0.001
0.997	0.001	0.001	0.001
0.997	0.001	0.001	0.001
0.001	0.001	0.001	0.997
0.001	0.075	0.923	0.001
0.001	0.001	0.997	0.001
0.997	0.001	0.001	0.001
>TGTGTGGTGT	11-TGTGTGGTGT	11.910993	-295.827071	0	T:640.0(2.98%),B:268.3(0.97%),P:1e-128	Tpos:498.6,Tstd:282.0,Bpos:477.6,Bstd:289.6,StrandBias:-0.2,Multiplicity:2.95
0.001	0.001	0.027	0.971
0.009	0.001	0.989	0.001
0.001	0.002	0.001	0.996
0.035	0.005	0.959	0.001
0.193	0.005	0.101	0.701
0.027	0.005	0.950	0.018
0.001	0.024	0.935	0.040
0.001	0.024	0.047	0.928
0.012	0.001	0.976	0.011
0.001	0.001	0.001	0.997
>AATGGAATGG	12-AATGGAATGG	10.996601	-275.383999	0	T:308.0(1.43%),B:73.4(0.26%),P:1e-119	Tpos:507.9,Tstd:284.3,Bpos:513.1,Bstd:313.0,StrandBias:0.9,Multiplicity:2.27
0.968	0.028	0.001	0.003
0.658	0.165	0.169	0.008
0.003	0.036	0.001	0.960
0.044	0.316	0.601	0.039
0.044	0.014	0.923	0.019
0.966	0.008	0.019	0.007
0.596	0.201	0.173	0.030
0.045	0.040	0.001	0.914
0.022	0.380	0.573	0.025
0.134	0.017	0.839	0.010
>GAATGGAATG	13-GAATGGAATG	11.278237	-273.941569	0	T:299.0(1.39%),B:69.7(0.25%),P:1e-118	Tpos:511.7,Tstd:285.0,Bpos:441.5,Bstd:336.2,StrandBias:0.7,Multiplicity:2.06
0.043	0.007	0.909	0.041
0.992	0.001	0.001	0.006
0.460	0.254	0.256	0.031
0.004	0.037	0.001	0.958
0.081	0.294	0.489	0.137
0.037	0.043	0.890	0.030
0.994	0.001	0.001	0.004
0.655	0.131	0.190	0.024
0.027	0.043	0.001	0.929
0.035	0.213	0.721	0.031
>AACACTCTTT	14-AACACTCTTT	10.296193	-251.349392	0	T:239.0(1.11%),B:47.7(0.17%),P:1e-109	Tpos:495.9,Tstd:278.4,Bpos:534.5,Bstd:323.9,StrandBias:-0.7,Multiplicity:2.43
0.700	0.100	0.100	0.100
0.700	0.100	0.100	0.100
0.100	0.700	0.100	0.100
0.700	0.100	0.100	0.100
0.100	0.700	0.100	0.100
0.100	0.100	0.100	0.700
0.100	0.700	0.100	0.100
0.100	0.100	0.100	0.700
0.100	0.100	0.100	0.700
0.100	0.100	0.100	0.700
>SGAATGGAAT	15-SGAATGGAAT	11.422915	-243.635035	0	T:321.0(1.49%),B:90.3(0.33%),P:1e-105	Tpos:519.0,Tstd:293.9,Bpos:464.3,Bstd:310.1,StrandBias:0.8,Multiplicity:1.60
0.024	0.403	0.490	0.082
0.090	0.036	0.831	0.043
0.986	0.003	0.002	0.009
0.646	0.117	0.200	0.037
0.033	0.044	0.016	0.907
0.059	0.208	0.688	0.045
0.076	0.053	0.831	0.040
0.980	0.011	0.001	0.008
0.708	0.092	0.180	0.020
0.034	0.031	0.001	0.934
>ATGGAATSGA	16-ATGGAATSGA	9.380095	-223.288399	0	T:342.0(1.59%),B:110.6(0.40%),P:1e-96	Tpos:487.4,Tstd:295.5,Bpos:484.7,Bstd:301.7,StrandBias:0.3,Multiplicity:1.95
0.679	0.057	0.250	0.014
0.037	0.194	0.001	0.768
0.108	0.134	0.525	0.233
0.061	0.099	0.712	0.128
0.976	0.001	0.022	0.001
0.642	0.213	0.111	0.034
0.095	0.168	0.001	0.736
0.029	0.385	0.519	0.067
0.177	0.144	0.656	0.023
0.832	0.001	0.001	0.166
>ATTCGATTCG	17-ATTCGATTCG	7.483856	-204.232790	0	T:614.0(2.86%),B:314.7(1.14%),P:1e-88	Tpos:506.4,Tstd:284.1,Bpos:495.8,Bstd:329.7,StrandBias:-0.4,Multiplicity:1.73
0.659	0.150	0.051	0.140
0.104	0.060	0.097	0.739
0.034	0.115	0.033	0.818
0.057	0.690	0.116	0.137
0.080	0.197	0.596	0.127
0.727	0.034	0.165	0.074
0.069	0.244	0.151	0.536
0.051	0.043	0.049	0.857
0.073	0.727	0.138	0.062
0.106	0.177	0.650	0.067
>AGAATGCTTC	18-AGAATGCTTC	10.296193	-187.937622	0	T:202.0(0.94%),B:46.5(0.17%),P:1e-81	Tpos:499.5,Tstd:280.9,Bpos:561.3,Bstd:285.0,StrandBias:1.6,Multiplicity:3.36
0.700	0.100	0.100	0.100
0.100	0.100	0.700	0.100
0.700	0.100	0.100	0.100
0.700	0.100	0.100	0.100
0.100	0.100	0.100	0.700
0.100	0.100	0.700	0.100
0.100	0.700	0.100	0.100
0.100	0.100	0.100	0.700
0.100	0.100	0.100	0.700
0.100	0.700	0.100	0.100
>TCSATTCSAT	19-TCSATTCSAT	8.498855	-161.076775	0	T:401.0(1.87%),B:184.9(0.67%),P:1e-69	Tpos:521.5,Tstd:286.1,Bpos:501.6,Bstd:298.4,StrandBias:-0.8,Multiplicity:1.63
0.060	0.042	0.030	0.868
0.075	0.720	0.114	0.091
0.046	0.429	0.456	0.068
0.811	0.025	0.078	0.086
0.122	0.155	0.106	0.617
0.038	0.045	0.024	0.893
0.075	0.720	0.117	0.088
0.053	0.413	0.488	0.046
0.837	0.031	0.066	0.066
0.178	0.096	0.138	0.588
>AATGGAATGG	20-AATGGAATGG	10.741913	-154.738945	0	T:455.0(2.12%),B:230.1(0.83%),P:1e-67	Tpos:501.7,Tstd:284.2,Bpos:492.3,Bstd:295.8,StrandBias:0.8,Multiplicity:2.65
0.990	0.008	0.001	0.001
0.855	0.014	0.130	0.001
0.053	0.057	0.001	0.889
0.104	0.032	0.761	0.103
0.038	0.001	0.892	0.069
0.997	0.001	0.001	0.001
0.864	0.001	0.134	0.001
0.053	0.035	0.001	0.911
0.105	0.001	0.820	0.074
0.016	0.001	0.982	0.001
>TGCACTGATC	21-TGCACTGATC	10.296193	-103.732760	0	T:97.0(0.45%),B:19.2(0.07%),P:1e-45	Tpos:497.0,Tstd:286.0,Bpos:501.5,Bstd:247.3,StrandBias:-0.2,Multiplicity:6.62
0.100	0.100	0.100	0.700
0.100	0.100	0.700	0.100
0.100	0.700	0.100	0.100
0.700	0.100	0.100	0.100
0.100	0.700	0.100	0.100
0.100	0.100	0.100	0.700
0.100	0.100	0.700	0.100
0.700	0.100	0.100	0.100
0.100	0.100	0.100	0.700
0.100	0.700	0.100	0.100
>AACCCTAACC	22-AACCCTAACC	4.438962	-89.019488	0	T:6151.0(28.63%),B:6847.8(24.71%),P:1e-38	Tpos:496.2,Tstd:265.0,Bpos:504.8,Bstd:316.4,StrandBias:-0.0,Multiplicity:1.74
0.945	0.019	0.014	0.022
0.879	0.113	0.001	0.007
0.009	0.983	0.007	0.001
0.009	0.987	0.003	0.001
0.007	0.989	0.003	0.001
0.001	0.045	0.069	0.885
0.986	0.012	0.001	0.001
0.967	0.017	0.015	0.001
0.017	0.976	0.001	0.006
0.001	0.996	0.002	0.001
>TCCCGGACGG	23-TCCCGGACGG	12.746773	-76.846364	0	T:359.0(1.67%),B:227.0(0.82%),P:1e-33	Tpos:496.3,Tstd:277.6,Bpos:484.3,Bstd:301.2,StrandBias:-0.2,Multiplicity:6.19
0.001	0.001	0.001	0.997
0.001	0.997	0.001	0.001
0.001	0.997	0.001	0.001
0.001	0.610	0.388	0.001
0.001	0.001	0.997	0.001
0.001	0.001	0.997	0.001
0.997	0.001	0.001	0.001
0.001	0.550	0.389	0.060
0.001	0.001	0.997	0.001
0.001	0.001	0.997	0.001
>GGCYRGCCGS	24-GGCYRGCCGS	12.048400	-71.176022	0	T:439.0(2.04%),B:308.8(1.11%),P:1e-30	Tpos:494.6,Tstd:275.5,Bpos:489.0,Bstd:301.2,StrandBias:0.2,Multiplicity:6.35
0.001	0.001	0.997	0.001
0.001	0.001	0.997	0.001
0.001	0.997	0.001	0.001
0.001	0.550	0.001	0.448
0.550	0.001	0.448	0.001
0.001	0.001	0.997	0.001
0.001	0.997	0.001	0.001
0.001	0.997	0.001	0.001
0.001	0.001	0.997	0.001
0.001	0.550	0.448	0.001
>ACCACCATCA	25-ACCACCATCA	12.106771	-23.715395	0	T:510.0(2.37%),B:488.7(1.76%),P:1e-10	Tpos:499.9,Tstd:267.7,Bpos:488.6,Bstd:311.7,StrandBias:0.2,Multiplicity:2.41
0.997	0.001	0.001	0.001
0.001	0.771	0.001	0.227
0.001	0.997	0.001	0.001
0.997	0.001	0.001	0.001
0.001	0.640	0.001	0.358
0.001	0.997	0.001	0.001
0.997	0.001	0.001	0.001
0.001	0.359	0.001	0.639
0.001	0.997	0.001	0.001
0.997	0.001	0.001	0.001
>TTTGGCTCGCGC	1-TTTGGCTCGCGC	12.946781	-1222.918028	0	T:347.0(1.61%),B:6.0(0.02%),P:1e-531	Tpos:506.7,Tstd:218.1,Bpos:443.8,Bstd:201.2,StrandBias:0.2,Multiplicity:1.00
0.188	0.001	0.094	0.717
0.001	0.001	0.001	0.997
0.001	0.245	0.001	0.753
0.001	0.093	0.905	0.001
0.001	0.093	0.905	0.001
0.001	0.905	0.093	0.001
0.001	0.001	0.001	0.997
0.001	0.997	0.001	0.001
0.001	0.001	0.997	0.001
0.001	0.905	0.093	0.001
0.093	0.001	0.905	0.001
0.001	0.905	0.001	0.093
>ACTCGGAAAGGG	2-ACTCGGAAAGGG	14.473850	-1196.455574	0	T:401.0(1.87%),B:10.2(0.04%),P:1e-519	Tpos:504.6,Tstd:172.2,Bpos:459.2,Bstd:156.0,StrandBias:0.1,Multiplicity:1.03
0.997	0.001	0.001	0.001
0.001	0.997	0.001	0.001
0.001	0.001	0.001	0.997
0.001	0.997	0.001	0.001
0.119	0.001	0.879	0.001
0.001	0.001	0.997	0.001
0.997	0.001	0.001	0.001
0.997	0.001	0.001	0.001
0.997	0.001	0.001	0.001
0.001	0.001	0.997	0.001
0.001	0.001	0.997	0.001
0.001	0.001	0.997	0.001
>TGCGTCSSTCAC	3-TGCGTCSSTCAC	15.093302	-952.354445	0	T:409.0(1.90%),B:20.5(0.07%),P:1e-413	Tpos:511.0,Tstd:239.2,Bpos:528.1,Bstd:264.3,StrandBias:0.1,Multiplicity:1.54
0.001	0.001	0.001	0.997
0.001	0.001	0.997	0.001
0.001	0.997	0.001	0.001
0.001	0.001	0.997	0.001
0.001	0.001	0.001	0.997
0.001	0.997	0.001	0.001
0.001	0.510	0.471	0.018
0.001	0.468	0.530	0.001
0.001	0.001	0.001	0.997
0.001	0.997	0.001	0.001
0.997	0.001	0.001	0.001
0.001	0.997	0.001	0.001
>GYGAGGCAWTGC	4-GYGAGGCAWTGC	15.330039	-943.250144	0	T:394.0(1.83%),B:18.5(0.07%),P:1e-409	Tpos:507.7,Tstd:205.8,Bpos:525.6,Bstd:257.1,StrandBias:-0.2,Multiplicity:1.00
0.001	0.001	0.997	0.001
0.001	0.531	0.001	0.467
0.001	0.001	0.997	0.001
0.997	0.001	0.001	0.001
0.001	0.001	0.997	0.001
0.001	0.001	0.997	0.001
0.001	0.997	0.001	0.001
0.997	0.001	0.001	0.001
0.472	0.001	0.001	0.526
0.001	0.001	0.001	0.997
0.001	0.001	0.997	0.001
0.001	0.997	0.001	0.001
>GAATGGAATSGA	5-GAATGGAATSGA	13.853407	-930.960706	0	T:267.0(1.24%),B:4.8(0.02%),P:1e-404	Tpos:499.9,Tstd:269.6,Bpos:715.5,Bstd:203.1,StrandBias:1.0,Multiplicity:14.40
0.053	0.014	0.912	0.021
0.986	0.009	0.001	0.004
0.653	0.193	0.136	0.018
0.015	0.012	0.001	0.972
0.042	0.343	0.590	0.025
0.046	0.018	0.892	0.044
0.984	0.011	0.001	0.004
0.619	0.242	0.110	0.029
0.016	0.017	0.001	0.966
0.010	0.394	0.538	0.058
0.061	0.011	0.898	0.030
0.990	0.004	0.004	0.002
>ATCTGAGAATGC	6-ATCTGAGAATGC	12.089250	-875.084320	0	T:590.0(2.75%),B:71.1(0.26%),P:1e-380	Tpos:502.8,Tstd:291.3,Bpos:471.6,Bstd:253.9,StrandBias:0.7,Multiplicity:1.60
0.588	0.023	0.082	0.307
0.045	0.024	0.041	0.890
0.026	0.889	0.049	0.036
0.020	0.031	0.031	0.918
0.022	0.305	0.653	0.020
0.904	0.044	0.033	0.019
0.018	0.042	0.858	0.082
0.854	0.039	0.023	0.084
0.599	0.301	0.029	0.071
0.026	0.359	0.020	0.595
0.022	0.059	0.896	0.023
0.014	0.638	0.317	0.031
>AATGGAATGGAA	7-AATGGAATGGAA	12.344748	-779.272428	0	T:275.0(1.28%),B:8.4(0.03%),P:1e-338	Tpos:494.1,Tstd:300.2,Bpos:690.2,Bstd:262.1,StrandBias:0.7,Multiplicity:1.98
0.896	0.056	0.018	0.030
0.772	0.098	0.088	0.042
0.076	0.062	0.015	0.847
0.053	0.168	0.640	0.139
0.095	0.047	0.779	0.079
0.939	0.016	0.025	0.020
0.722	0.171	0.057	0.050
0.068	0.031	0.018	0.883
0.074	0.229	0.618	0.079
0.096	0.124	0.714	0.066
0.943	0.015	0.016	0.026
0.717	0.195	0.041	0.047
>ATSGAATGGAAT	8-ATSGAATGGAAT	14.128548	-752.721010	0	T:268.0(1.25%),B:8.9(0.03%),P:1e-326	Tpos:509.4,Tstd:293.3,Bpos:539.9,Bstd:226.0,StrandBias:0.3,Multiplicity:3.28
0.997	0.001	0.001	0.001
0.001	0.001	0.001	0.997
0.001	0.473	0.525	0.001
0.001	0.001	0.997	0.001
0.997	0.001	0.001	0.001
0.997	0.001	0.001	0.001
0.001	0.001	0.001	0.997
0.001	0.160	0.838	0.001
0.001	0.001	0.997	0.001
0.997	0.001	0.001	0.001
0.997	0.001	0.001	0.001
0.001	0.001	0.001	0.997
>TTTCCAACGAAA	9-TTTCCAACGAAA	11.816375	-665.595732	0	T:154.0(0.72%),B:1.9(0.01%),P:1e-289	Tpos:494.7,Tstd:286.6,Bpos:628.3,Bstd:82.6,StrandBias:0.7,Multiplicity:1.79
0.001	0.094	0.001	0.904
0.001	0.087	0.135	0.777
0.001	0.065	0.001	0.933
0.046	0.695	0.233	0.026
0.086	0.794	0.039	0.081
0.763	0.083	0.007	0.147
0.495	0.238	0.267	0.001
0.001	0.997	0.001	0.001
0.001	0.001	0.997	0.001
0.606	0.374	0.019	0.001
0.788	0.001	0.192	0.019
0.628	0.075	0.038	0.259
>AAACACTCTTTT	10-AAACACTCTTTT	10.311835	-662.016914	0	T:192.0(0.89%),B:3.9(0.01%),P:1e-287	Tpos:488.9,Tstd:277.6,Bpos:789.4,Bstd:236.5,StrandBias:-0.4,Multiplicity:2.21
0.997	0.001	0.001	0.001
0.997	0.001	0.001	0.001
0.997	0.001	0.001	0.001
0.001	0.997	0.001	0.001
0.997	0.001	0.001	0.001
0.001	0.997	0.001	0.001
0.001	0.003	0.001	0.995
0.001	0.997	0.001	0.001
0.001	0.001	0.382	0.616
0.001	0.001	0.001	0.997
0.001	0.001	0.001	0.997
0.001	0.001	0.001	0.997
>TCGAATGGAATG	11-TCGAATGGAATG	10.261293	-610.370406	0	T:280.0(1.30%),B:16.7(0.06%),P:1e-265	Tpos:518.9,Tstd:287.1,Bpos:438.3,Bstd:313.2,StrandBias:0.5,Multiplicity:2.32
0.103	0.075	0.100	0.722
0.105	0.482	0.254	0.159
0.148	0.142	0.576	0.134
0.742	0.066	0.127	0.065
0.630	0.142	0.121	0.107
0.089	0.098	0.069	0.744
0.088	0.126	0.652	0.134
0.146	0.100	0.661	0.093
0.799	0.058	0.088	0.055
0.668	0.121	0.129	0.082
0.137	0.055	0.067	0.741
0.105	0.212	0.582	0.101
>TCCSTGACCCCT	12-TCCSTGACCCCT	13.976006	-546.403501	0	T:506.0(2.35%),B:96.3(0.35%),P:1e-237	Tpos:501.4,Tstd:264.1,Bpos:539.8,Bstd:267.1,StrandBias:0.1,Multiplicity:1.65
0.037	0.017	0.002	0.944
0.024	0.940	0.002	0.034
0.130	0.839	0.029	0.002
0.109	0.371	0.490	0.029
0.010	0.031	0.024	0.935
0.032	0.162	0.764	0.042
0.823	0.143	0.027	0.007
0.039	0.898	0.041	0.022
0.027	0.626	0.032	0.315
0.005	0.935	0.046	0.014
0.020	0.876	0.057	0.047
0.052	0.005	0.007	0.936
>TTCGGGAGGGAG	13-TTCGGGAGGGAG	12.668731	-538.879522	0	T:749.0(3.49%),B:221.6(0.80%),P:1e-234	Tpos:491.9,Tstd:250.6,Bpos:505.4,Bstd:299.3,StrandBias:0.2,Multiplicity:3.06
0.082	0.040	0.158	0.720
0.035	0.167	0.048	0.750
0.098	0.672	0.115	0.115
0.015	0.042	0.911	0.032
0.028	0.067	0.884	0.021
0.031	0.051	0.911	0.007
0.813	0.026	0.016	0.145
0.034	0.026	0.898	0.042
0.020	0.071	0.876	0.033
0.028	0.045	0.914	0.013
0.796	0.020	0.139	0.045
0.087	0.028	0.857	0.028
>GAATGGAATGGA	14-GAATGGAATGGA	12.035014	-531.413473	0	T:282.0(1.31%),B:22.1(0.08%),P:1e-230	Tpos:513.9,Tstd:286.1,Bpos:502.6,Bstd:267.8,StrandBias:1.1,Multiplicity:3.24
0.085	0.047	0.765	0.103
0.912	0.061	0.013	0.014
0.641	0.103	0.214	0.042
0.042	0.030	0.009	0.919
0.062	0.134	0.678	0.126
0.056	0.049	0.840	0.055
0.966	0.008	0.009	0.017
0.598	0.165	0.185	0.052
0.042	0.026	0.010	0.922
0.068	0.220	0.629	0.083
0.088	0.118	0.728	0.066
0.947	0.022	0.015	0.016
>GGCCTGCCGACC	15-GGCCTGCCGACC	12.495586	-470.301838	0	T:895.0(4.17%),B:343.1(1.24%),P:1e-204	Tpos:491.0,Tstd:264.4,Bpos:481.3,Bstd:297.7,StrandBias:0.2,Multiplicity:3.60
0.086	0.001	0.912	0.001
0.001	0.001	0.997	0.001
0.015	0.983	0.001	0.001
0.001	0.961	0.001	0.037
0.386	0.007	0.001	0.606
0.007	0.001	0.943	0.049
0.001	0.933	0.001	0.065
0.001	0.612	0.156	0.231
0.153	0.001	0.559	0.287
0.457	0.233	0.263	0.047
0.001	0.997	0.001	0.001
0.007	0.815	0.007	0.171
>MTCGAATGGAAT	16-MTCGAATGGAAT	9.303908	-352.979479	0	T:1211.0(5.64%),B:666.4(2.41%),P:1e-153	Tpos:505.0,Tstd:291.4,Bpos:479.0,Bstd:318.1,StrandBias:0.5,Multiplicity:2.36
0.421	0.437	0.076	0.066
0.046	0.052	0.022	0.880
0.090	0.453	0.300	0.158
0.262	0.055	0.616	0.067
0.769	0.024	0.174	0.033
0.856	0.033	0.073	0.038
0.070	0.035	0.039	0.856
0.059	0.021	0.889	0.031
0.047	0.090	0.814	0.049
0.900	0.033	0.039	0.028
0.807	0.083	0.061	0.049
0.214	0.035	0.027	0.724
>CGCACTGATCAC	17-CGCACTGATCAC	12.231619	-337.226114	0	T:89.0(0.41%),B:1.1(0.00%),P:1e-146	Tpos:499.2,Tstd:281.3,Bpos:602.9,Bstd:168.5,StrandBias:-0.1,Multiplicity:5.78
0.001	0.847	0.001	0.151
0.001	0.093	0.905	0.001
0.001	0.997	0.001	0.001
0.733	0.094	0.172	0.001
0.001	0.997	0.001	0.001
0.001	0.122	0.001	0.876
0.093	0.001	0.905	0.001
0.997	0.001	0.001	0.001
0.001	0.001	0.001	0.997
0.094	0.811	0.001	0.094
0.905	0.001	0.001	0.093
0.001	0.905	0.093	0.001
>TGGAATGGAATG	18-TGGAATGGAATG	11.453879	-277.543099	0	T:299.0(1.39%),B:68.7(0.25%),P:1e-120	Tpos:496.0,Tstd:282.8,Bpos:472.1,Bstd:306.6,StrandBias:0.6,Multiplicity:2.44
0.094	0.006	0.001	0.899
0.096	0.206	0.638	0.060
0.157	0.065	0.705	0.073
0.993	0.001	0.002	0.004
0.727	0.171	0.072	0.030
0.073	0.008	0.007	0.912
0.061	0.237	0.601	0.101
0.119	0.029	0.769	0.083
0.983	0.001	0.013	0.003
0.717	0.157	0.065	0.061
0.058	0.005	0.001	0.936
0.055	0.190	0.682	0.073
>TTCCATTCSATT	19-TTCCATTCSATT	11.179145	-209.310276	0	T:322.0(1.50%),B:105.0(0.38%),P:1e-90	Tpos:506.1,Tstd:295.2,Bpos:466.3,Bstd:282.2,StrandBias:-0.7,Multiplicity:3.02
0.053	0.036	0.080	0.831
0.014	0.019	0.022	0.945
0.059	0.752	0.070	0.119
0.088	0.529	0.297	0.086
0.839	0.025	0.041	0.095
0.068	0.036	0.140	0.756
0.028	0.016	0.022	0.934
0.056	0.784	0.086	0.074
0.096	0.479	0.339	0.086
0.879	0.029	0.044	0.048
0.063	0.030	0.130	0.777
0.028	0.015	0.092	0.865
>GTGGAGTGGAGT	20-GTGGAGTGGAGT	11.056640	-142.406639	0	T:119.0(0.55%),B:21.0(0.08%),P:1e-61	Tpos:456.0,Tstd:270.0,Bpos:512.4,Bstd:250.8,StrandBias:2.3,Multiplicity:3.74
0.001	0.001	0.997	0.001
0.061	0.001	0.001	0.937
0.001	0.001	0.997	0.001
0.064	0.001	0.917	0.018
0.997	0.001	0.001	0.001
0.020	0.001	0.944	0.035
0.001	0.001	0.001	0.997
0.001	0.002	0.996	0.001
0.001	0.001	0.997	0.001
0.993	0.005	0.001	0.001
0.046	0.001	0.952	0.001
0.001	0.001	0.001	0.997
>GGGSGGCTGACC	21-GGGSGGCTGACC	11.600512	-122.082308	0	T:315.0(1.47%),B:149.0(0.54%),P:1e-53	Tpos:486.2,Tstd:281.2,Bpos:495.1,Bstd:299.2,StrandBias:-0.2,Multiplicity:4.59
0.150	0.068	0.694	0.088
0.100	0.067	0.756	0.077
0.181	0.113	0.636	0.070
0.029	0.307	0.453	0.211
0.151	0.113	0.618	0.118
0.058	0.123	0.747	0.072
0.045	0.800	0.086	0.069
0.074	0.144	0.054	0.728
0.005	0.038	0.862	0.095
0.539	0.030	0.272	0.159
0.092	0.591	0.075	0.242
0.138	0.583	0.094	0.185
>CTAACCCTAACC	22-CTAACCCTAACC	3.407505	-57.274437	0	T:5359.0(24.94%),B:6084.8(21.96%),P:1e-24	Tpos:497.8,Tstd:258.8,Bpos:508.8,Bstd:308.9,StrandBias:-0.0,Multiplicity:1.83
0.006	0.949	0.003	0.042
0.019	0.059	0.018	0.904
0.968	0.020	0.011	0.001
0.977	0.009	0.011	0.003
0.007	0.950	0.015	0.028
0.006	0.989	0.003	0.002
0.018	0.979	0.002	0.001
0.009	0.021	0.014	0.956
0.962	0.021	0.013	0.004
0.938	0.040	0.021	0.001
0.011	0.960	0.004	0.025
0.012	0.982	0.001	0.005
>ACACMCCACACA	23-ACACMCCACACA	10.483568	-47.688973	0	T:659.0(3.07%),B:577.8(2.09%),P:1e-20	Tpos:508.3,Tstd:248.7,Bpos:482.1,Bstd:284.5,StrandBias:0.3,Multiplicity:4.33
0.812	0.157	0.001	0.030
0.001	0.840	0.068	0.091
0.875	0.075	0.049	0.001
0.089	0.805	0.059	0.047
0.513	0.420	0.045	0.022
0.310	0.546	0.078	0.066
0.276	0.678	0.020	0.026
0.597	0.289	0.007	0.107
0.020	0.897	0.005	0.078
0.862	0.104	0.006	0.028
0.034	0.873	0.014	0.079
0.827	0.102	0.013	0.058
>GSCMAGCCAGCC	24-GSCMAGCCAGCC	11.845157	-39.954605	0	T:243.0(1.13%),B:171.8(0.62%),P:1e-17	Tpos:469.3,Tstd:281.5,Bpos:516.4,Bstd:281.2,StrandBias:-0.7,Multiplicity:2.46
0.306	0.012	0.681	0.001
0.001	0.469	0.529	0.001
0.001	0.926	0.010	0.063
0.477	0.456	0.066	0.001
0.671	0.001	0.239	0.089
0.038	0.001	0.834	0.127
0.108	0.747	0.089	0.056
0.036	0.826	0.034	0.104
0.698	0.001	0.239	0.062
0.177	0.296	0.491	0.035
0.055	0.791	0.091	0.063
0.001	0.968	0.030	0.001
>ACCACCACCACC	25-ACCACCACCACC	10.205545	-37.414458	0	T:507.0(2.36%),B:443.5(1.60%),P:1e-16	Tpos:497.2,Tstd:259.3,Bpos:477.6,Bstd:313.6,StrandBias:0.2,Multiplicity:2.05
0.991	0.001	0.001	0.007
0.004	0.884	0.001	0.111
0.001	0.966	0.003	0.030
0.984	0.001	0.001	0.014
0.002	0.861	0.001	0.136
0.004	0.975	0.001	0.020
0.997	0.001	0.001	0.001
0.002	0.857	0.001	0.140
0.002	0.989	0.001	0.008
0.997	0.001	0.001	0.001
0.005	0.857	0.001	0.137
0.008	0.986	0.001	0.005
>ACCCGAWT	1-ACCCGAWT	10.460516	-551.463503	0	T:592.0(2.76%),B:134.2(0.48%),P:1e-239	Tpos:498.1,Tstd:185.3,Bpos:542.2,Bstd:308.0,StrandBias:0.0,Multiplicity:1.01
0.997	0.001	0.001	0.001
0.001	0.997	0.001	0.001
0.001	0.997	0.001	0.001
0.001	0.997	0.001	0.001
0.001	0.001	0.997	0.001
0.997	0.001	0.001	0.001
0.544	0.001	0.001	0.454
0.001	0.001	0.001	0.997
>ACCCGATT	2-ACCCGATT	9.564412	-512.669248	0	T:890.0(4.14%),B:318.3(1.15%),P:1e-222	Tpos:507.9,Tstd:208.2,Bpos:503.9,Bstd:301.7,StrandBias:0.1,Multiplicity:1.00
0.997	0.001	0.001	0.001
0.001	0.702	0.001	0.296
0.001	0.997	0.001	0.001
0.001	0.863	0.135	0.001
0.001	0.001	0.997	0.001
0.997	0.001	0.001	0.001
0.001	0.001	0.001	0.997
0.001	0.001	0.134	0.864
>CGAGTCAA	3-CGAGTCAA	10.661354	-464.067164	0	T:505.0(2.35%),B:116.3(0.42%),P:1e-201	Tpos:513.6,Tstd:195.3,Bpos:476.0,Bstd:319.6,StrandBias:-0.1,Multiplicity:1.00
0.001	0.997	0.001	0.001
0.001	0.001	0.997	0.001
0.997	0.001	0.001	0.001
0.001	0.001	0.997	0.001
0.001	0.001	0.001	0.997
0.001	0.997	0.001	0.001
0.665	0.333	0.001	0.001
0.997	0.001	0.001	0.001
>TATTCGGC	4-TATTCGGC	8.236954	-431.254102	0	T:492.0(2.29%),B:119.5(0.43%),P:1e-187	Tpos:512.6,Tstd:325.0,Bpos:530.6,Bstd:295.7,StrandBias:0.1,Multiplicity:1.00
0.100	0.100	0.100	0.700
0.700	0.100	0.100	0.100
0.100	0.100	0.100	0.700
0.100	0.100	0.100	0.700
0.100	0.700	0.100	0.100
0.100	0.100	0.700	0.100
0.100	0.100	0.700	0.100
0.100	0.700	0.100	0.100
>GTCCTACG	5-GTCCTACG	8.236954	-398.251216	0	T:541.0(2.52%),B:156.8(0.57%),P:1e-172	Tpos:491.0,Tstd:160.8,Bpos:491.4,Bstd:306.9,StrandBias:0.1,Multiplicity:1.05
0.100	0.100	0.700	0.100
0.100	0.100	0.100	0.700
0.100	0.700	0.100	0.100
0.100	0.700	0.100	0.100
0.100	0.100	0.100	0.700
0.700	0.100	0.100	0.100
0.100	0.700	0.100	0.100
0.100	0.100	0.700	0.100
>CCGCCATT	6-CCGCCATT	8.236954	-356.084423	0	T:1129.0(5.25%),B:596.9(2.15%),P:1e-154	Tpos:509.4,Tstd:234.5,Bpos:510.5,Bstd:309.2,StrandBias:-0.0,Multiplicity:1.01
0.100	0.700	0.100	0.100
0.100	0.700	0.100	0.100
0.100	0.100	0.700	0.100
0.100	0.700	0.100	0.100
0.100	0.700	0.100	0.100
0.700	0.100	0.100	0.100
0.100	0.100	0.100	0.700
0.100	0.100	0.100	0.700
>AATCAGCG	7-AATCAGCG	9.387314	-341.396690	0	T:851.0(3.96%),B:391.6(1.41%),P:1e-148	Tpos:507.9,Tstd:217.4,Bpos:436.9,Bstd:285.6,StrandBias:0.1,Multiplicity:1.08
0.997	0.001	0.001	0.001
0.997	0.001	0.001	0.001
0.001	0.001	0.001	0.997
0.001	0.997	0.001	0.001
0.997	0.001	0.001	0.001
0.001	0.001	0.812	0.186
0.001	0.997	0.001	0.001
0.001	0.001	0.997	0.001
>AAGCGCAA	8-AAGCGCAA	8.236954	-335.222892	0	T:632.0(2.94%),B:240.7(0.87%),P:1e-145	Tpos:506.8,Tstd:189.9,Bpos:507.1,Bstd:332.9,StrandBias:0.1,Multiplicity:1.47
0.700	0.100	0.100	0.100
0.700	0.100	0.100	0.100
0.100	0.100	0.700	0.100
0.100	0.700	0.100	0.100
0.100	0.100	0.700	0.100
0.100	0.700	0.100	0.100
0.700	0.100	0.100	0.100
0.700	0.100	0.100	0.100
>ACCCGTCT	9-ACCCGTCT	6.872940	-197.190352	0	T:3724.0(17.33%),B:3507.6(12.66%),P:1e-85	Tpos:499.3,Tstd:284.2,Bpos:496.2,Bstd:318.0,StrandBias:0.0,Multiplicity:1.28
0.682	0.001	0.001	0.316
0.001	0.997	0.001	0.001
0.001	0.997	0.001	0.001
0.001	0.695	0.303	0.001
0.001	0.001	0.997	0.001
0.062	0.002	0.001	0.935
0.001	0.617	0.001	0.381
0.202	0.001	0.001	0.796
>ACCSGGTW	10-ACCSGGTW	8.403881	-184.695975	0	T:796.0(3.70%),B:485.4(1.75%),P:1e-80	Tpos:507.0,Tstd:272.7,Bpos:495.1,Bstd:322.1,StrandBias:-0.0,Multiplicity:1.01
0.997	0.001	0.001	0.001
0.001	0.775	0.223	0.001
0.328	0.670	0.001	0.001
0.001	0.554	0.444	0.001
0.001	0.001	0.997	0.001
0.001	0.001	0.997	0.001
0.001	0.328	0.001	0.670
0.331	0.223	0.001	0.445
>CTGTAGGC	11-CTGTAGGC	8.236954	-178.867672	0	T:1019.0(4.74%),B:694.9(2.51%),P:1e-77	Tpos:487.7,Tstd:255.5,Bpos:489.7,Bstd:291.7,StrandBias:-0.0,Multiplicity:1.30
0.100	0.700	0.100	0.100
0.100	0.100	0.100	0.700
0.100	0.100	0.700	0.100
0.100	0.100	0.100	0.700
0.700	0.100	0.100	0.100
0.100	0.100	0.700	0.100
0.100	0.100	0.700	0.100
0.100	0.700	0.100	0.100
>VCCTAACC	12-VCCTAACC	8.170847	-174.684751	0	T:1823.0(8.48%),B:1498.2(5.41%),P:1e-75	Tpos:506.1,Tstd:258.0,Bpos:500.1,Bstd:327.4,StrandBias:-0.2,Multiplicity:2.03
0.250	0.290	0.398	0.062
0.350	0.648	0.001	0.001
0.001	0.710	0.288	0.001
0.001	0.001	0.001	0.997
0.997	0.001	0.001	0.001
0.997	0.001	0.001	0.001
0.001	0.749	0.249	0.001
0.001	0.601	0.001	0.397
>TTCGACTC	13-TTCGACTC	9.106842	-165.999456	0	T:1396.0(6.50%),B:1080.5(3.90%),P:1e-72	Tpos:515.8,Tstd:285.4,Bpos:501.9,Bstd:321.5,StrandBias:-0.2,Multiplicity:1.83
0.006	0.001	0.001	0.992
0.003	0.001	0.001	0.995
0.001	0.920	0.001	0.078
0.275	0.114	0.610	0.001
0.918	0.001	0.080	0.001
0.045	0.605	0.340	0.010
0.001	0.001	0.001	0.997
0.001	0.995	0.003	0.001
>ACAGCAGT	14-ACAGCAGT	10.668845	-154.836691	0	T:1453.0(6.76%),B:1159.7(4.19%),P:1e-67	Tpos:499.3,Tstd:234.2,Bpos:486.4,Bstd:294.8,StrandBias:-0.0,Multiplicity:1.33
0.997	0.001	0.001	0.001
0.001	0.670	0.328	0.001
0.997	0.001	0.001	0.001
0.001	0.001	0.997	0.001
0.001	0.997	0.001	0.001
0.997	0.001	0.001	0.001
0.001	0.001	0.997	0.001
0.001	0.001	0.001	0.997
>TATATCAC	15-TATATCAC	8.854471	-143.448201	0	T:960.0(4.47%),B:691.2(2.49%),P:1e-62	Tpos:497.5,Tstd:250.0,Bpos:509.8,Bstd:315.0,StrandBias:0.0,Multiplicity:1.09
0.001	0.001	0.001	0.997
0.739	0.259	0.001	0.001
0.001	0.261	0.001	0.737
0.665	0.001	0.333	0.001
0.001	0.001	0.001	0.997
0.001	0.739	0.001	0.259
0.595	0.403	0.001	0.001
0.001	0.997	0.001	0.001
>CGCCCATA	16-CGCCCATA	7.968230	-120.086230	0	T:1017.0(4.73%),B:787.7(2.84%),P:1e-52	Tpos:498.4,Tstd:277.9,Bpos:478.2,Bstd:319.7,StrandBias:0.1,Multiplicity:1.71
0.001	0.997	0.001	0.001
0.001	0.001	0.997	0.001
0.001	0.997	0.001	0.001
0.001	0.997	0.001	0.001
0.001	0.997	0.001	0.001
0.950	0.045	0.001	0.004
0.001	0.001	0.001	0.997
0.997	0.001	0.001	0.001
>CTGACCCC	17-CTGACCCC	8.236954	-78.292172	0	T:2265.0(10.54%),B:2261.4(8.16%),P:1e-34	Tpos:495.8,Tstd:283.9,Bpos:508.8,Bstd:294.7,StrandBias:-0.0,Multiplicity:2.09
0.100	0.700	0.100	0.100
0.100	0.100	0.100	0.700
0.100	0.100	0.700	0.100
0.700	0.100	0.100	0.100
0.100	0.700	0.100	0.100
0.100	0.700	0.100	0.100
0.100	0.700	0.100	0.100
0.100	0.700	0.100	0.100
>GAATGGAC	18-GAATGGAC	10.796415	-56.076859	0	T:659.0(3.07%),B:556.7(2.01%),P:1e-24	Tpos:510.1,Tstd:298.2,Bpos:500.9,Bstd:304.3,StrandBias:0.5,Multiplicity:1.72
0.001	0.001	0.997	0.001
0.997	0.001	0.001	0.001
0.997	0.001	0.001	0.001
0.001	0.068	0.001	0.930
0.001	0.001	0.997	0.001
0.001	0.001	0.997	0.001
0.997	0.001	0.001	0.001
0.182	0.816	0.001	0.001
>STCCSGGA	19-STCCSGGA	6.194517	-35.214625	0	T:11567.0(53.83%),B:14158.0(51.10%),P:1e-15	Tpos:496.8,Tstd:273.3,Bpos:506.3,Bstd:315.7,StrandBias:0.0,Multiplicity:1.96
0.001	0.510	0.453	0.036
0.001	0.001	0.001	0.997
0.010	0.853	0.113	0.024
0.001	0.923	0.001	0.075
0.001	0.509	0.489	0.001
0.001	0.123	0.646	0.230
0.021	0.306	0.657	0.016
0.975	0.001	0.001	0.023
>GTGTGTGT	20-GTGTGTGT	8.236954	-31.636823	0	T:2713.0(12.63%),B:3041.6(10.98%),P:1e-13	Tpos:503.5,Tstd:254.8,Bpos:489.1,Bstd:301.0,StrandBias:0.1,Multiplicity:2.34
0.100	0.100	0.700	0.100
0.100	0.100	0.100	0.700
0.100	0.100	0.700	0.100
0.100	0.100	0.100	0.700
0.100	0.100	0.700	0.100
0.100	0.100	0.100	0.700
0.100	0.100	0.700	0.100
0.100	0.100	0.100	0.700
>GGAGTGGA	21-GGAGTGGA	10.583189	-23.338653	0	T:1504.0(7.00%),B:1645.6(5.94%),P:1e-10	Tpos:490.6,Tstd:281.8,Bpos:506.3,Bstd:304.8,StrandBias:0.8,Multiplicity:1.95
0.001	0.001	0.997	0.001
0.001	0.001	0.997	0.001
0.997	0.001	0.001	0.001
0.383	0.001	0.615	0.001
0.001	0.001	0.001	0.997
0.001	0.001	0.997	0.001
0.001	0.001	0.997	0.001
0.997	0.001	0.001	0.001
>ATTCCRTT	22-ATTCCRTT	8.856865	-18.072288	0	T:1097.0(5.11%),B:1195.8(4.32%),P:1e-7	Tpos:500.7,Tstd:289.7,Bpos:489.9,Bstd:341.7,StrandBias:-0.5,Multiplicity:1.34
0.842	0.048	0.019	0.091
0.150	0.021	0.113	0.716
0.018	0.001	0.001	0.980
0.074	0.694	0.071	0.161
0.001	0.872	0.079	0.048
0.515	0.001	0.456	0.028
0.035	0.055	0.052	0.858
0.043	0.001	0.190	0.766
>AATGGAAT	23-AATGGAAT	8.505372	-15.185553	0	T:1042.0(4.85%),B:1149.5(4.15%),P:1e-6	Tpos:503.2,Tstd:279.5,Bpos:495.0,Bstd:318.1,StrandBias:0.8,Multiplicity:14.59
0.997	0.001	0.001	0.001
0.997	0.001	0.001	0.001
0.001	0.001	0.001	0.997
0.001	0.077	0.921	0.001
0.001	0.001	0.997	0.001
0.997	0.001	0.001	0.001
0.997	0.001	0.001	0.001
0.001	0.001	0.001	0.997
>GCCAGCCG	24-GCCAGCCG	8.236954	-10.961389	0	T:1301.0(6.05%),B:1497.8(5.41%),P:1e-4	Tpos:491.3,Tstd:276.9,Bpos:501.4,Bstd:302.9,StrandBias:0.1,Multiplicity:2.97
0.100	0.100	0.700	0.100
0.100	0.700	0.100	0.100
0.100	0.700	0.100	0.100
0.700	0.100	0.100	0.100
0.100	0.100	0.700	0.100
0.100	0.700	0.100	0.100
0.100	0.700	0.100	0.100
0.100	0.100	0.700	0.100
>RSTGATCA	25-RSTGATCA	8.524739	-9.286673	0	T:810.0(3.77%),B:915.3(3.30%),P:1e-4	Tpos:494.8,Tstd:285.9,Bpos:506.0,Bstd:295.8,StrandBias:0.1,Multiplicity:1.68
0.349	0.179	0.471	0.001
0.001	0.527	0.471	0.001
0.001	0.001	0.001	0.997
0.001	0.001	0.820	0.178
0.653	0.297	0.001	0.049
0.001	0.001	0.001	0.997
0.001	0.997	0.001	0.001
0.653	0.001	0.049	0.297
