>GATGASTCAKCM	1-GATGASTCAKCM	7.930876	-1955.064100	0	T:9450.0(18.47%),B:4689.9(9.46%),P:1e-849	Tpos:500.1,Tstd:266.7,Bpos:495.2,Bstd:286.5,StrandBias:-0.0,Multiplicity:1.17
0.217	0.174	0.436	0.173
0.469	0.254	0.258	0.019
0.001	0.001	0.001	0.997
0.006	0.003	0.959	0.032
0.997	0.001	0.001	0.001
0.056	0.505	0.410	0.029
0.042	0.005	0.002	0.951
0.087	0.897	0.001	0.015
0.969	0.001	0.002	0.028
0.036	0.168	0.416	0.380
0.212	0.466	0.166	0.155
0.377	0.253	0.148	0.222
>NNCCTTATCTNH	2-NNCCTTATCTNH	8.527758	-850.098470	0	T:8241.0(16.10%),B:5054.7(10.20%),P:1e-369	Tpos:500.8,Tstd:282.3,Bpos:493.6,Bstd:301.4,StrandBias:-0.0,Multiplicity:1.12
0.294	0.204	0.221	0.281
0.243	0.259	0.221	0.277
0.119	0.476	0.138	0.266
0.001	0.768	0.024	0.207
0.084	0.001	0.007	0.908
0.107	0.001	0.006	0.886
0.997	0.001	0.001	0.001
0.001	0.001	0.001	0.997
0.001	0.965	0.031	0.003
0.001	0.103	0.001	0.895
0.150	0.285	0.286	0.279
0.284	0.265	0.109	0.341
>AAACAGGAAGTG	3-AAACAGGAAGTG	7.820284	-689.256513	0	T:14390.0(28.12%),B:10508.2(21.19%),P:1e-299	Tpos:501.5,Tstd:269.4,Bpos:498.5,Bstd:291.7,StrandBias:-0.0,Multiplicity:1.22
0.483	0.085	0.200	0.232
0.527	0.074	0.329	0.070
0.532	0.097	0.215	0.156
0.072	0.661	0.179	0.088
0.823	0.050	0.049	0.078
0.021	0.001	0.975	0.003
0.084	0.053	0.850	0.013
0.881	0.066	0.048	0.005
0.894	0.001	0.036	0.069
0.145	0.224	0.611	0.020
0.038	0.123	0.055	0.784
0.168	0.097	0.499	0.236
>GGGCGGGGCYDK	4-GGGCGGGGCYDK	4.991120	-367.648351	0	T:14842.0(29.00%),B:11804.0(23.81%),P:1e-159	Tpos:502.9,Tstd:302.1,Bpos:486.5,Bstd:298.8,StrandBias:0.0,Multiplicity:1.72
0.001	0.001	0.997	0.001
0.001	0.001	0.997	0.001
0.001	0.001	0.997	0.001
0.001	0.910	0.001	0.088
0.001	0.001	0.997	0.001
0.001	0.001	0.859	0.139
0.109	0.001	0.889	0.001
0.001	0.001	0.961	0.037
0.001	0.997	0.001	0.001
0.001	0.453	0.001	0.545
0.307	0.001	0.309	0.383
0.084	0.064	0.420	0.432
>BMCGGAAGTGAM	5-BMCGGAAGTGAM	3.780685	-361.916207	0	T:15053.0(29.41%),B:12015.4(24.23%),P:1e-157	Tpos:500.1,Tstd:279.3,Bpos:495.3,Bstd:311.2,StrandBias:0.0,Multiplicity:1.24
0.073	0.328	0.254	0.345
0.313	0.366	0.203	0.118
0.001	0.997	0.001	0.001
0.001	0.005	0.993	0.001
0.001	0.024	0.913	0.062
0.980	0.001	0.001	0.018
0.891	0.101	0.001	0.007
0.011	0.001	0.898	0.090
0.012	0.107	0.010	0.871
0.117	0.001	0.881	0.001
0.768	0.081	0.001	0.150
0.383	0.265	0.157	0.194
>AAACGGAAACGG	6-AAACGGAAACGG	6.517702	-352.440042	0	T:24322.0(47.53%),B:20695.2(41.74%),P:1e-153	Tpos:502.4,Tstd:278.6,Bpos:493.7,Bstd:312.7,StrandBias:-0.0,Multiplicity:1.38
0.700	0.100	0.100	0.100
0.700	0.100	0.100	0.100
0.700	0.100	0.100	0.100
0.100	0.700	0.100	0.100
0.100	0.100	0.700	0.100
0.100	0.100	0.700	0.100
0.700	0.100	0.100	0.100
0.700	0.100	0.100	0.100
0.700	0.100	0.100	0.100
0.100	0.700	0.100	0.100
0.100	0.100	0.700	0.100
0.100	0.100	0.700	0.100
>AGATAAGCAGCC	7-AGATAAGCAGCC	7.266102	-293.622870	0	T:18167.0(35.50%),B:15137.9(30.53%),P:1e-127	Tpos:499.4,Tstd:281.2,Bpos:499.4,Bstd:295.5,StrandBias:-0.0,Multiplicity:1.22
0.754	0.001	0.062	0.183
0.225	0.106	0.665	0.004
0.449	0.140	0.167	0.244
0.283	0.172	0.049	0.496
0.840	0.090	0.042	0.028
0.925	0.001	0.073	0.001
0.333	0.060	0.568	0.039
0.036	0.962	0.001	0.001
0.867	0.001	0.001	0.131
0.049	0.157	0.793	0.001
0.138	0.493	0.191	0.178
0.186	0.597	0.001	0.216
>TTCCWGGAAATG	8-TTCCWGGAAATG	5.455384	-276.915282	0	T:7823.0(15.29%),B:5861.6(11.82%),P:1e-120	Tpos:497.1,Tstd:278.1,Bpos:497.6,Bstd:299.2,StrandBias:0.0,Multiplicity:1.12
0.001	0.001	0.001	0.997
0.001	0.001	0.001	0.997
0.001	0.997	0.001	0.001
0.001	0.698	0.001	0.300
0.420	0.095	0.141	0.345
0.364	0.001	0.634	0.001
0.001	0.001	0.997	0.001
0.997	0.001	0.001	0.001
0.997	0.001	0.001	0.001
0.491	0.153	0.234	0.122
0.151	0.232	0.202	0.415
0.043	0.305	0.570	0.082
>GCTGTGTGAMTT	9-GCTGTGTGAMTT	7.749616	-268.175173	0	T:10834.0(21.17%),B:8540.7(17.23%),P:1e-116	Tpos:500.7,Tstd:273.7,Bpos:494.5,Bstd:289.0,StrandBias:0.0,Multiplicity:1.13
0.063	0.001	0.935	0.001
0.066	0.786	0.132	0.016
0.179	0.065	0.001	0.755
0.085	0.132	0.486	0.297
0.238	0.001	0.009	0.752
0.001	0.001	0.997	0.001
0.048	0.001	0.061	0.890
0.109	0.108	0.732	0.051
0.797	0.001	0.101	0.101
0.424	0.535	0.040	0.001
0.231	0.229	0.035	0.505
0.198	0.106	0.203	0.492
>NTTTAACGGCCH	10-NTTTAACGGCCH	5.174159	-228.492555	0	T:29328.0(57.31%),B:26099.8(52.64%),P:1e-99	Tpos:500.5,Tstd:284.1,Bpos:495.1,Bstd:303.3,StrandBias:-0.0,Multiplicity:1.50
0.218	0.240	0.204	0.338
0.101	0.124	0.109	0.666
0.096	0.116	0.108	0.680
0.119	0.120	0.114	0.647
0.627	0.145	0.114	0.114
0.661	0.114	0.124	0.101
0.192	0.499	0.170	0.139
0.186	0.090	0.535	0.189
0.113	0.107	0.661	0.119
0.110	0.665	0.112	0.113
0.129	0.667	0.068	0.136
0.249	0.246	0.151	0.354
>CCCCCCCCCMAA	11-CCCCCCCCCMAA	7.140714	-216.963790	0	T:24494.0(47.86%),B:21480.6(43.33%),P:1e-94	Tpos:500.0,Tstd:290.8,Bpos:500.5,Bstd:307.5,StrandBias:-0.1,Multiplicity:1.77
0.068	0.755	0.023	0.154
0.024	0.836	0.045	0.095
0.017	0.843	0.027	0.113
0.021	0.566	0.144	0.269
0.054	0.575	0.074	0.297
0.030	0.863	0.023	0.084
0.019	0.961	0.001	0.019
0.037	0.932	0.003	0.028
0.182	0.765	0.027	0.026
0.553	0.437	0.009	0.001
0.598	0.356	0.012	0.034
0.568	0.394	0.017	0.021
>CCGTGCTGATAA	12-CCGTGCTGATAA	7.489424	-200.590084	0	T:7234.0(14.14%),B:5587.0(11.27%),P:1e-87	Tpos:492.7,Tstd:277.6,Bpos:496.1,Bstd:294.0,StrandBias:-0.0,Multiplicity:1.08
0.098	0.716	0.093	0.093
0.185	0.553	0.076	0.186
0.167	0.178	0.444	0.211
0.068	0.035	0.110	0.787
0.086	0.078	0.750	0.086
0.031	0.829	0.080	0.060
0.077	0.001	0.003	0.919
0.054	0.051	0.824	0.071
0.778	0.074	0.072	0.076
0.106	0.070	0.080	0.744
0.823	0.067	0.039	0.071
0.836	0.050	0.056	0.058
>CCACCCCTTTTA	13-CCACCCCTTTTA	6.962257	-188.442084	0	T:16017.0(31.30%),B:13612.9(27.46%),P:1e-81	Tpos:500.2,Tstd:281.2,Bpos:499.2,Bstd:297.5,StrandBias:-0.0,Multiplicity:1.18
0.102	0.730	0.070	0.098
0.098	0.765	0.041	0.096
0.742	0.092	0.062	0.104
0.075	0.745	0.102	0.078
0.092	0.756	0.053	0.099
0.090	0.765	0.050	0.095
0.087	0.777	0.036	0.100
0.083	0.102	0.051	0.764
0.064	0.097	0.077	0.762
0.072	0.081	0.074	0.773
0.095	0.102	0.088	0.715
0.707	0.102	0.082	0.109
>CCGCCATCTTGN	14-CCGCCATCTTGN	9.970225	-181.835603	0	T:1846.0(3.61%),B:1121.0(2.26%),P:1e-78	Tpos:498.9,Tstd:279.7,Bpos:491.9,Bstd:276.7,StrandBias:-0.2,Multiplicity:1.07
0.161	0.615	0.185	0.039
0.019	0.628	0.253	0.100
0.130	0.001	0.677	0.192
0.001	0.997	0.001	0.001
0.001	0.997	0.001	0.001
0.793	0.169	0.001	0.037
0.001	0.001	0.068	0.930
0.001	0.776	0.183	0.040
0.016	0.001	0.001	0.982
0.001	0.001	0.137	0.861
0.281	0.083	0.533	0.103
0.261	0.268	0.265	0.206
>DRGTCAYRTGAC	15-DRGTCAYRTGAC	8.062062	-142.175034	0	T:3402.0(6.65%),B:2464.6(4.97%),P:1e-61	Tpos:505.2,Tstd:276.2,Bpos:485.7,Bstd:280.2,StrandBias:0.0,Multiplicity:1.07
0.333	0.145	0.223	0.299
0.403	0.013	0.408	0.176
0.071	0.059	0.840	0.030
0.031	0.058	0.058	0.853
0.025	0.935	0.017	0.023
0.910	0.032	0.001	0.057
0.002	0.549	0.011	0.438
0.465	0.024	0.492	0.019
0.062	0.001	0.019	0.918
0.001	0.001	0.997	0.001
0.855	0.045	0.063	0.037
0.054	0.760	0.086	0.100
>GGGGRAAAAAAA	16-GGGGRAAAAAAA	-4.677404	-138.059901	0	T:38612.0(75.45%),B:35818.9(72.25%),P:1e-59	Tpos:499.8,Tstd:290.1,Bpos:494.9,Bstd:306.4,StrandBias:-0.0,Multiplicity:2.06
0.001	0.001	0.997	0.001
0.001	0.001	0.997	0.001
0.001	0.001	0.997	0.001
0.001	0.001	0.997	0.001
0.568	0.001	0.430	0.001
0.997	0.001	0.001	0.001
0.997	0.001	0.001	0.001
0.997	0.001	0.001	0.001
0.997	0.001	0.001	0.001
0.997	0.001	0.001	0.001
0.997	0.001	0.001	0.001
0.997	0.001	0.001	0.001
>TAGCATGCTAAA	17-TAGCATGCTAAA	11.629416	-136.340895	0	T:116.0(0.23%),B:15.6(0.03%),P:1e-59	Tpos:535.8,Tstd:288.0,Bpos:383.9,Bstd:260.0,StrandBias:0.1,Multiplicity:1.00
0.001	0.001	0.001	0.997
0.997	0.001	0.001	0.001
0.057	0.001	0.895	0.047
0.001	0.997	0.001	0.001
0.895	0.001	0.001	0.103
0.001	0.134	0.001	0.864
0.001	0.001	0.997	0.001
0.001	0.997	0.001	0.001
0.001	0.001	0.138	0.860
0.997	0.001	0.001	0.001
0.925	0.001	0.073	0.001
0.978	0.001	0.001	0.020
>GTGACCTTGCAG	18-GTGACCTTGCAG	12.355432	-115.771033	0	T:63.0(0.12%),B:4.4(0.01%),P:1e-50	Tpos:508.7,Tstd:314.0,Bpos:573.5,Bstd:329.1,StrandBias:1.0,Multiplicity:1.00
0.100	0.100	0.700	0.100
0.100	0.100	0.100	0.700
0.100	0.100	0.700	0.100
0.700	0.100	0.100	0.100
0.100	0.700	0.100	0.100
0.100	0.700	0.100	0.100
0.100	0.100	0.100	0.700
0.100	0.100	0.100	0.700
0.100	0.100	0.700	0.100
0.100	0.700	0.100	0.100
0.700	0.100	0.100	0.100
0.100	0.100	0.700	0.100
>GTGGGAGTGTCT	19-GTGGGAGTGTCT	11.798338	-115.564274	0	T:161.0(0.31%),B:36.8(0.07%),P:1e-50	Tpos:506.2,Tstd:270.5,Bpos:551.8,Bstd:262.9,StrandBias:-0.0,Multiplicity:1.00
0.001	0.001	0.997	0.001
0.001	0.001	0.001	0.997
0.085	0.001	0.913	0.001
0.001	0.045	0.953	0.001
0.067	0.001	0.931	0.001
0.997	0.001	0.001	0.001
0.115	0.001	0.869	0.015
0.001	0.015	0.001	0.983
0.001	0.001	0.997	0.001
0.001	0.001	0.001	0.997
0.001	0.947	0.001	0.051
0.001	0.001	0.001	0.997
>BTGCGCATGCGC	20-BTGCGCATGCGC	9.510470	-110.541548	0	T:2502.0(4.89%),B:1794.1(3.62%),P:1e-48	Tpos:497.7,Tstd:300.9,Bpos:452.4,Bstd:263.3,StrandBias:-0.0,Multiplicity:1.24
0.132	0.364	0.257	0.247
0.085	0.283	0.184	0.448
0.001	0.001	0.997	0.001
0.220	0.704	0.041	0.035
0.043	0.001	0.955	0.001
0.001	0.997	0.001	0.001
0.760	0.086	0.029	0.125
0.079	0.017	0.176	0.728
0.001	0.001	0.997	0.001
0.001	0.894	0.029	0.076
0.001	0.029	0.805	0.165
0.001	0.905	0.001	0.093
>GTTTNGTGTGTG	21-GTTTNGTGTGTG	9.610314	-86.038491	0	T:2441.0(4.77%),B:1812.5(3.66%),P:1e-37	Tpos:508.4,Tstd:279.3,Bpos:484.9,Bstd:287.0,StrandBias:0.1,Multiplicity:1.14
0.074	0.116	0.791	0.019
0.021	0.012	0.001	0.966
0.031	0.034	0.323	0.612
0.020	0.091	0.076	0.813
0.284	0.266	0.275	0.175
0.152	0.027	0.630	0.191
0.035	0.049	0.041	0.875
0.001	0.034	0.921	0.044
0.041	0.001	0.001	0.957
0.001	0.063	0.843	0.093
0.078	0.001	0.021	0.900
0.001	0.012	0.986	0.001
>TTTGGATGTTAA	22-TTTGGATGTTAA	12.355432	-63.387177	0	T:50.0(0.10%),B:6.8(0.01%),P:1e-27	Tpos:520.7,Tstd:278.2,Bpos:321.2,Bstd:250.3,StrandBias:-0.9,Multiplicity:1.00
0.100	0.100	0.100	0.700
0.100	0.100	0.100	0.700
0.100	0.100	0.100	0.700
0.100	0.100	0.700	0.100
0.100	0.100	0.700	0.100
0.700	0.100	0.100	0.100
0.100	0.100	0.100	0.700
0.100	0.100	0.700	0.100
0.100	0.100	0.100	0.700
0.100	0.100	0.100	0.700
0.700	0.100	0.100	0.100
0.700	0.100	0.100	0.100
>ACACACCACACA	23-ACACACCACACA	11.645616	-48.174709	0	T:585.0(1.14%),B:373.8(0.75%),P:1e-20	Tpos:491.4,Tstd:252.5,Bpos:464.4,Bstd:276.9,StrandBias:-0.5,Multiplicity:3.13
0.937	0.036	0.001	0.026
0.008	0.889	0.009	0.094
0.993	0.001	0.005	0.001
0.019	0.949	0.020	0.012
0.646	0.306	0.039	0.009
0.350	0.606	0.001	0.043
0.207	0.757	0.015	0.021
0.830	0.104	0.005	0.061
0.001	0.927	0.021	0.051
0.982	0.001	0.005	0.012
0.008	0.886	0.042	0.064
0.922	0.039	0.025	0.014
>GTMGGGACCTCA	24-GTMGGGACCTCA	13.091502	-22.670374	0	T:20.0(0.04%),B:3.5(0.01%),P:1e-9	Tpos:502.1,Tstd:304.8,Bpos:709.8,Bstd:221.0,StrandBias:2.1,Multiplicity:2.90
0.001	0.001	0.997	0.001
0.001	0.001	0.001	0.997
0.552	0.446	0.001	0.001
0.001	0.110	0.888	0.001
0.001	0.110	0.888	0.001
0.001	0.001	0.997	0.001
0.997	0.001	0.001	0.001
0.306	0.692	0.001	0.001
0.001	0.888	0.110	0.001
0.001	0.001	0.110	0.888
0.001	0.997	0.001	0.001
0.997	0.001	0.001	0.001
>TGTGTGTGTGTG	25-TGTGTGTGTGTG	9.688827	-16.895120	0	T:5845.0(11.42%),B:5297.7(10.69%),P:1e-7	Tpos:504.6,Tstd:268.7,Bpos:493.0,Bstd:295.2,StrandBias:0.1,Multiplicity:1.54
0.100	0.001	0.147	0.752
0.056	0.300	0.643	0.001
0.009	0.001	0.001	0.989
0.085	0.174	0.740	0.001
0.001	0.001	0.011	0.987
0.152	0.118	0.719	0.011
0.001	0.001	0.045	0.953
0.199	0.087	0.713	0.001
0.001	0.001	0.036	0.962
0.169	0.171	0.659	0.001
0.130	0.001	0.047	0.822
0.001	0.224	0.764	0.011
