>ATGASTCAKC	1-ATGASTCAKC	8.402352	-1837.867980	0	T:5306.0(10.37%),B:2026.9(4.09%),P:1e-798	Tpos:501.4,Tstd:261.0,Bpos:503.6,Bstd:281.8,StrandBias:-0.0,Multiplicity:1.10
0.702	0.231	0.066	0.001
0.001	0.001	0.001	0.997
0.001	0.001	0.997	0.001
0.997	0.001	0.001	0.001
0.001	0.495	0.503	0.001
0.001	0.001	0.001	0.997
0.001	0.997	0.001	0.001
0.997	0.001	0.001	0.001
0.001	0.098	0.446	0.454
0.027	0.917	0.035	0.021
>NSBCTTATCT	2-NSBCTTATCT	7.049105	-1329.663721	0	T:15172.0(29.65%),B:9949.8(20.07%),P:1e-577	Tpos:500.9,Tstd:279.6,Bpos:493.0,Bstd:301.6,StrandBias:-0.0,Multiplicity:1.24
0.189	0.269	0.304	0.237
0.114	0.392	0.261	0.232
0.107	0.326	0.336	0.231
0.056	0.663	0.151	0.130
0.001	0.109	0.009	0.881
0.028	0.001	0.009	0.962
0.973	0.001	0.015	0.011
0.102	0.001	0.011	0.886
0.005	0.993	0.001	0.001
0.283	0.030	0.096	0.591
>NNRTGASTCA	3-NNRTGASTCA	7.484524	-1181.654359	0	T:15157.0(29.62%),B:10185.8(20.54%),P:1e-513	Tpos:502.2,Tstd:277.1,Bpos:494.5,Bstd:293.0,StrandBias:0.0,Multiplicity:1.17
0.242	0.225	0.245	0.288
0.208	0.225	0.262	0.306
0.401	0.224	0.374	0.001
0.001	0.001	0.001	0.997
0.001	0.001	0.997	0.001
0.942	0.056	0.001	0.001
0.001	0.450	0.548	0.001
0.001	0.001	0.001	0.997
0.216	0.782	0.001	0.001
0.997	0.001	0.001	0.001
>AACCGGAAGT	4-AACCGGAAGT	6.649671	-893.947843	0	T:20569.0(40.19%),B:15545.0(31.35%),P:1e-388	Tpos:501.1,Tstd:274.5,Bpos:494.0,Bstd:295.3,StrandBias:-0.0,Multiplicity:1.33
0.511	0.133	0.182	0.174
0.587	0.137	0.140	0.136
0.191	0.563	0.178	0.068
0.289	0.539	0.154	0.018
0.009	0.019	0.971	0.001
0.121	0.008	0.851	0.020
0.920	0.015	0.039	0.026
0.938	0.011	0.022	0.029
0.176	0.204	0.527	0.093
0.118	0.211	0.089	0.582
>CCGTTTYCCG	5-CCGTTTYCCG	5.297161	-615.456530	0	T:29574.0(57.79%),B:24828.4(50.08%),P:1e-267	Tpos:501.8,Tstd:278.2,Bpos:498.9,Bstd:314.7,StrandBias:-0.0,Multiplicity:1.58
0.253	0.485	0.081	0.181
0.113	0.566	0.154	0.167
0.159	0.188	0.520	0.133
0.075	0.162	0.141	0.622
0.093	0.022	0.012	0.873
0.063	0.013	0.078	0.846
0.052	0.374	0.076	0.499
0.182	0.473	0.103	0.242
0.150	0.478	0.280	0.093
0.156	0.118	0.512	0.214
>AACSGTTWVG	6-AACSGTTWVG	4.586377	-545.056260	0	T:26477.0(51.74%),B:22056.9(44.49%),P:1e-236	Tpos:499.3,Tstd:281.5,Bpos:495.9,Bstd:308.3,StrandBias:0.0,Multiplicity:1.39
0.470	0.074	0.270	0.187
0.608	0.227	0.120	0.045
0.131	0.642	0.197	0.030
0.186	0.308	0.339	0.168
0.062	0.084	0.800	0.054
0.112	0.161	0.188	0.539
0.087	0.049	0.109	0.755
0.304	0.163	0.144	0.389
0.365	0.254	0.254	0.126
0.202	0.244	0.411	0.144
>CGGAAACGAG	7-CGGAAACGAG	4.997671	-520.574693	0	T:28896.0(56.46%),B:24477.9(49.37%),P:1e-226	Tpos:499.1,Tstd:278.4,Bpos:497.1,Bstd:312.9,StrandBias:0.0,Multiplicity:1.38
0.106	0.679	0.117	0.098
0.087	0.143	0.661	0.109
0.106	0.122	0.655	0.117
0.748	0.073	0.102	0.077
0.724	0.099	0.069	0.108
0.665	0.111	0.096	0.128
0.095	0.715	0.083	0.107
0.118	0.106	0.648	0.128
0.825	0.103	0.067	0.005
0.166	0.113	0.661	0.060
>GGGCGGGGCY	8-GGGCGGGGCY	4.418300	-480.303663	0	T:23708.0(46.33%),B:19634.4(39.60%),P:1e-208	Tpos:501.9,Tstd:298.6,Bpos:498.3,Bstd:305.4,StrandBias:0.0,Multiplicity:2.38
0.001	0.001	0.997	0.001
0.001	0.001	0.997	0.001
0.001	0.001	0.997	0.001
0.001	0.672	0.001	0.326
0.001	0.001	0.997	0.001
0.001	0.001	0.815	0.183
0.218	0.001	0.780	0.001
0.001	0.001	0.997	0.001
0.001	0.876	0.001	0.122
0.091	0.516	0.001	0.392
>BTTAACWGCC	9-BTTAACWGCC	5.498698	-446.247693	0	T:28536.0(55.76%),B:24390.5(49.19%),P:1e-193	Tpos:499.8,Tstd:278.5,Bpos:497.2,Bstd:298.4,StrandBias:-0.0,Multiplicity:1.43
0.092	0.306	0.266	0.337
0.006	0.250	0.272	0.472
0.367	0.018	0.003	0.612
0.466	0.146	0.146	0.242
0.444	0.109	0.171	0.276
0.129	0.692	0.175	0.004
0.512	0.004	0.008	0.476
0.036	0.146	0.814	0.004
0.269	0.544	0.183	0.004
0.242	0.465	0.095	0.198
>AAACGGCCTT	10-AAACGGCCTT	4.949904	-376.132528	0	T:35507.0(69.38%),B:31560.8(63.66%),P:1e-163	Tpos:501.1,Tstd:283.0,Bpos:500.5,Bstd:305.7,StrandBias:0.0,Multiplicity:1.46
0.779	0.057	0.073	0.091
0.841	0.057	0.047	0.055
0.758	0.053	0.101	0.088
0.070	0.842	0.087	0.001
0.090	0.030	0.791	0.089
0.122	0.092	0.699	0.087
0.081	0.741	0.101	0.077
0.068	0.769	0.063	0.100
0.001	0.059	0.001	0.939
0.001	0.058	0.100	0.841
>CGCGTTTTAA	11-CGCGTTTTAA	4.369731	-364.317546	0	T:23427.0(45.78%),B:19795.5(39.93%),P:1e-158	Tpos:502.6,Tstd:287.2,Bpos:490.5,Bstd:316.1,StrandBias:0.0,Multiplicity:1.42
0.140	0.590	0.144	0.126
0.124	0.135	0.621	0.120
0.121	0.622	0.129	0.128
0.117	0.141	0.602	0.140
0.125	0.140	0.142	0.593
0.121	0.129	0.140	0.610
0.147	0.131	0.138	0.584
0.155	0.130	0.128	0.587
0.597	0.129	0.132	0.142
0.594	0.136	0.139	0.131
>TAGTAACCGC	12-TAGTAACCGC	4.521181	-363.511469	0	T:24959.0(48.77%),B:21259.9(42.88%),P:1e-157	Tpos:501.7,Tstd:284.0,Bpos:497.3,Bstd:312.5,StrandBias:-0.0,Multiplicity:1.32
0.157	0.120	0.148	0.575
0.590	0.168	0.107	0.135
0.154	0.177	0.532	0.137
0.133	0.129	0.130	0.608
0.579	0.117	0.129	0.175
0.703	0.039	0.127	0.131
0.157	0.578	0.153	0.112
0.099	0.627	0.149	0.125
0.121	0.094	0.681	0.104
0.163	0.528	0.153	0.156
>MGAAAGGCCT	13-MGAAAGGCCT	6.384496	-334.767401	0	T:25225.0(49.29%),B:21632.1(43.63%),P:1e-145	Tpos:501.1,Tstd:275.7,Bpos:498.0,Bstd:299.8,StrandBias:0.0,Multiplicity:1.35
0.292	0.402	0.135	0.172
0.083	0.096	0.580	0.241
0.454	0.227	0.114	0.206
0.629	0.032	0.070	0.269
0.967	0.001	0.031	0.001
0.200	0.001	0.790	0.009
0.001	0.257	0.741	0.001
0.001	0.943	0.055	0.001
0.001	0.727	0.006	0.266
0.005	0.010	0.001	0.984
>GTTACGTCAG	14-GTTACGTCAG	4.442137	-324.192170	0	T:27498.0(53.73%),B:23868.4(48.14%),P:1e-140	Tpos:496.8,Tstd:279.7,Bpos:496.1,Bstd:303.1,StrandBias:0.0,Multiplicity:1.39
0.131	0.110	0.625	0.134
0.131	0.132	0.123	0.614
0.154	0.130	0.086	0.630
0.577	0.136	0.140	0.147
0.148	0.584	0.139	0.129
0.109	0.134	0.618	0.139
0.148	0.127	0.141	0.584
0.123	0.595	0.134	0.148
0.556	0.148	0.158	0.138
0.134	0.112	0.615	0.139
>CTTAACTACG	15-CTTAACTACG	4.653322	-316.455612	0	T:27454.0(53.65%),B:23859.7(48.12%),P:1e-137	Tpos:497.2,Tstd:281.5,Bpos:501.5,Bstd:312.3,StrandBias:0.0,Multiplicity:1.33
0.102	0.696	0.096	0.106
0.097	0.111	0.078	0.714
0.124	0.104	0.106	0.666
0.697	0.103	0.100	0.100
0.696	0.099	0.090	0.115
0.109	0.702	0.099	0.090
0.113	0.096	0.110	0.681
0.700	0.103	0.076	0.121
0.078	0.732	0.113	0.077
0.095	0.089	0.716	0.100
>KTTCCNGGAA	16-KTTCCNGGAA	7.634448	-301.414729	0	T:10287.0(20.10%),B:7943.4(16.02%),P:1e-130	Tpos:496.3,Tstd:278.2,Bpos:496.7,Bstd:300.3,StrandBias:-0.0,Multiplicity:1.13
0.175	0.169	0.275	0.381
0.001	0.110	0.001	0.888
0.001	0.101	0.001	0.897
0.001	0.997	0.001	0.001
0.001	0.647	0.001	0.351
0.219	0.303	0.219	0.259
0.304	0.117	0.578	0.001
0.001	0.079	0.872	0.048
0.997	0.001	0.001	0.001
0.737	0.147	0.115	0.001
>CGGTAACGTT	17-CGGTAACGTT	4.665609	-276.271228	0	T:27512.0(53.76%),B:24097.9(48.60%),P:1e-119	Tpos:500.9,Tstd:283.6,Bpos:496.4,Bstd:311.6,StrandBias:-0.0,Multiplicity:1.37
0.085	0.702	0.121	0.092
0.150	0.072	0.667	0.111
0.222	0.168	0.444	0.166
0.131	0.088	0.065	0.716
0.743	0.122	0.071	0.064
0.722	0.075	0.120	0.083
0.108	0.759	0.066	0.067
0.086	0.125	0.735	0.054
0.040	0.087	0.001	0.872
0.104	0.062	0.114	0.720
>TTTTACCCCC	18-TTTTACCCCC	6.370614	-269.858060	0	T:24070.0(47.03%),B:20813.6(41.98%),P:1e-117	Tpos:500.8,Tstd:281.8,Bpos:494.9,Bstd:308.9,StrandBias:-0.0,Multiplicity:1.32
0.046	0.069	0.059	0.826
0.051	0.055	0.086	0.808
0.033	0.053	0.022	0.892
0.047	0.074	0.092	0.787
0.718	0.089	0.067	0.126
0.049	0.816	0.074	0.061
0.048	0.797	0.079	0.076
0.037	0.811	0.065	0.087
0.068	0.787	0.073	0.072
0.091	0.757	0.074	0.078
>TTAGGGCSTA	19-TTAGGGCSTA	5.311999	-266.523828	0	T:19610.0(38.32%),B:16602.2(33.49%),P:1e-115	Tpos:498.0,Tstd:281.5,Bpos:495.2,Bstd:316.4,StrandBias:0.0,Multiplicity:1.22
0.126	0.117	0.257	0.500
0.181	0.001	0.001	0.817
0.460	0.278	0.001	0.262
0.001	0.367	0.631	0.001
0.135	0.299	0.565	0.001
0.080	0.249	0.605	0.066
0.061	0.796	0.023	0.120
0.001	0.567	0.431	0.001
0.136	0.042	0.318	0.504
0.624	0.121	0.116	0.139
>KGGGGDRGRR	20-KGGGGDRGRR	5.738514	-246.351215	0	T:29307.0(57.27%),B:25988.9(52.42%),P:1e-106	Tpos:502.2,Tstd:286.3,Bpos:503.5,Bstd:306.5,StrandBias:0.0,Multiplicity:1.73
0.043	0.061	0.408	0.489
0.178	0.205	0.386	0.231
0.022	0.060	0.762	0.156
0.153	0.092	0.596	0.159
0.211	0.014	0.575	0.200
0.334	0.008	0.363	0.295
0.389	0.073	0.414	0.124
0.265	0.011	0.502	0.222
0.522	0.006	0.434	0.038
0.310	0.100	0.451	0.140
>CCGCCATCTT	21-CCGCCATCTT	8.876857	-164.753669	0	T:3119.0(6.09%),B:2171.4(4.38%),P:1e-71	Tpos:502.2,Tstd:285.8,Bpos:501.8,Bstd:278.7,StrandBias:-0.1,Multiplicity:1.07
0.049	0.856	0.040	0.055
0.018	0.748	0.233	0.001
0.045	0.031	0.923	0.001
0.001	0.989	0.009	0.001
0.011	0.961	0.027	0.001
0.911	0.034	0.030	0.025
0.001	0.001	0.009	0.989
0.019	0.910	0.044	0.027
0.001	0.001	0.001	0.997
0.001	0.001	0.010	0.988
>TGCGCATGCG	22-TGCGCATGCG	7.904871	-113.056878	0	T:3269.0(6.39%),B:2436.0(4.91%),P:1e-49	Tpos:496.4,Tstd:299.0,Bpos:455.6,Bstd:268.6,StrandBias:-0.0,Multiplicity:1.24
0.148	0.281	0.099	0.472
0.255	0.046	0.637	0.062
0.112	0.886	0.001	0.001
0.093	0.001	0.901	0.005
0.035	0.928	0.001	0.036
0.896	0.074	0.026	0.004
0.058	0.034	0.072	0.836
0.103	0.060	0.833	0.004
0.127	0.776	0.056	0.041
0.001	0.008	0.863	0.128
>CACACACACA	23-CACACACACA	5.598778	-54.634707	0	T:23534.0(45.99%),B:21695.0(43.76%),P:1e-23	Tpos:503.2,Tstd:271.7,Bpos:494.8,Bstd:292.6,StrandBias:-0.1,Multiplicity:1.67
0.017	0.873	0.109	0.001
0.954	0.016	0.001	0.029
0.001	0.908	0.056	0.035
0.971	0.027	0.001	0.001
0.037	0.885	0.018	0.060
0.928	0.062	0.001	0.009
0.001	0.887	0.043	0.069
0.937	0.021	0.001	0.041
0.001	0.948	0.033	0.018
0.905	0.047	0.001	0.047
>NTAGCATGCK	24-NTAGCATGCK	6.582391	-39.148201	0	T:159.0(0.31%),B:73.0(0.15%),P:1e-17	Tpos:538.2,Tstd:281.0,Bpos:500.2,Bstd:297.5,StrandBias:0.0,Multiplicity:1.00
0.248	0.220	0.218	0.313
0.146	0.104	0.116	0.634
0.538	0.223	0.119	0.120
0.123	0.144	0.584	0.149
0.132	0.564	0.135	0.169
0.483	0.132	0.236	0.149
0.130	0.243	0.133	0.494
0.171	0.128	0.551	0.150
0.147	0.582	0.132	0.139
0.197	0.196	0.351	0.256
>TGTGTKGTGT	25-TGTGTKGTGT	10.173777	-28.034770	0	T:1315.0(2.57%),B:1043.5(2.10%),P:1e-12	Tpos:491.0,Tstd:261.0,Bpos:489.7,Bstd:278.8,StrandBias:0.5,Multiplicity:2.06
0.051	0.001	0.059	0.889
0.132	0.078	0.789	0.001
0.001	0.001	0.325	0.673
0.058	0.041	0.692	0.209
0.194	0.001	0.280	0.525
0.001	0.001	0.487	0.511
0.095	0.001	0.903	0.001
0.001	0.101	0.081	0.817
0.087	0.001	0.911	0.001
0.076	0.001	0.001	0.922
>GATGASTCAKCM	1-GATGASTCAKCM	7.930876	-1955.064100	0	T:9450.0(18.47%),B:4689.9(9.46%),P:1e-849	Tpos:500.1,Tstd:266.7,Bpos:495.2,Bstd:286.5,StrandBias:-0.0,Multiplicity:1.17
0.217	0.174	0.436	0.173
0.469	0.254	0.258	0.019
0.001	0.001	0.001	0.997
0.006	0.003	0.959	0.032
0.997	0.001	0.001	0.001
0.056	0.505	0.410	0.029
0.042	0.005	0.002	0.951
0.087	0.897	0.001	0.015
0.969	0.001	0.002	0.028
0.036	0.168	0.416	0.380
0.212	0.466	0.166	0.155
0.377	0.253	0.148	0.222
>NNCCTTATCTNH	2-NNCCTTATCTNH	8.527758	-850.098470	0	T:8241.0(16.10%),B:5054.7(10.20%),P:1e-369	Tpos:500.8,Tstd:282.3,Bpos:493.6,Bstd:301.4,StrandBias:-0.0,Multiplicity:1.12
0.294	0.204	0.221	0.281
0.243	0.259	0.221	0.277
0.119	0.476	0.138	0.266
0.001	0.768	0.024	0.207
0.084	0.001	0.007	0.908
0.107	0.001	0.006	0.886
0.997	0.001	0.001	0.001
0.001	0.001	0.001	0.997
0.001	0.965	0.031	0.003
0.001	0.103	0.001	0.895
0.150	0.285	0.286	0.279
0.284	0.265	0.109	0.341
>AAACAGGAAGTG	3-AAACAGGAAGTG	7.820284	-689.256513	0	T:14390.0(28.12%),B:10508.2(21.19%),P:1e-299	Tpos:501.5,Tstd:269.4,Bpos:498.5,Bstd:291.7,StrandBias:-0.0,Multiplicity:1.22
0.483	0.085	0.200	0.232
0.527	0.074	0.329	0.070
0.532	0.097	0.215	0.156
0.072	0.661	0.179	0.088
0.823	0.050	0.049	0.078
0.021	0.001	0.975	0.003
0.084	0.053	0.850	0.013
0.881	0.066	0.048	0.005
0.894	0.001	0.036	0.069
0.145	0.224	0.611	0.020
0.038	0.123	0.055	0.784
0.168	0.097	0.499	0.236
>GGGCGGGGCYDK	4-GGGCGGGGCYDK	4.991120	-367.648351	0	T:14842.0(29.00%),B:11804.0(23.81%),P:1e-159	Tpos:502.9,Tstd:302.1,Bpos:486.5,Bstd:298.8,StrandBias:0.0,Multiplicity:1.72
0.001	0.001	0.997	0.001
0.001	0.001	0.997	0.001
0.001	0.001	0.997	0.001
0.001	0.910	0.001	0.088
0.001	0.001	0.997	0.001
0.001	0.001	0.859	0.139
0.109	0.001	0.889	0.001
0.001	0.001	0.961	0.037
0.001	0.997	0.001	0.001
0.001	0.453	0.001	0.545
0.307	0.001	0.309	0.383
0.084	0.064	0.420	0.432
>BMCGGAAGTGAM	5-BMCGGAAGTGAM	3.780685	-361.916207	0	T:15053.0(29.41%),B:12015.4(24.23%),P:1e-157	Tpos:500.1,Tstd:279.3,Bpos:495.3,Bstd:311.2,StrandBias:0.0,Multiplicity:1.24
0.073	0.328	0.254	0.345
0.313	0.366	0.203	0.118
0.001	0.997	0.001	0.001
0.001	0.005	0.993	0.001
0.001	0.024	0.913	0.062
0.980	0.001	0.001	0.018
0.891	0.101	0.001	0.007
0.011	0.001	0.898	0.090
0.012	0.107	0.010	0.871
0.117	0.001	0.881	0.001
0.768	0.081	0.001	0.150
0.383	0.265	0.157	0.194
>AAACGGAAACGG	6-AAACGGAAACGG	6.517702	-352.440042	0	T:24322.0(47.53%),B:20695.2(41.74%),P:1e-153	Tpos:502.4,Tstd:278.6,Bpos:493.7,Bstd:312.7,StrandBias:-0.0,Multiplicity:1.38
0.700	0.100	0.100	0.100
0.700	0.100	0.100	0.100
0.700	0.100	0.100	0.100
0.100	0.700	0.100	0.100
0.100	0.100	0.700	0.100
0.100	0.100	0.700	0.100
0.700	0.100	0.100	0.100
0.700	0.100	0.100	0.100
0.700	0.100	0.100	0.100
0.100	0.700	0.100	0.100
0.100	0.100	0.700	0.100
0.100	0.100	0.700	0.100
>AGATAAGCAGCC	7-AGATAAGCAGCC	7.266102	-293.622870	0	T:18167.0(35.50%),B:15137.9(30.53%),P:1e-127	Tpos:499.4,Tstd:281.2,Bpos:499.4,Bstd:295.5,StrandBias:-0.0,Multiplicity:1.22
0.754	0.001	0.062	0.183
0.225	0.106	0.665	0.004
0.449	0.140	0.167	0.244
0.283	0.172	0.049	0.496
0.840	0.090	0.042	0.028
0.925	0.001	0.073	0.001
0.333	0.060	0.568	0.039
0.036	0.962	0.001	0.001
0.867	0.001	0.001	0.131
0.049	0.157	0.793	0.001
0.138	0.493	0.191	0.178
0.186	0.597	0.001	0.216
>TTCCWGGAAATG	8-TTCCWGGAAATG	5.455384	-276.915282	0	T:7823.0(15.29%),B:5861.6(11.82%),P:1e-120	Tpos:497.1,Tstd:278.1,Bpos:497.6,Bstd:299.2,StrandBias:0.0,Multiplicity:1.12
0.001	0.001	0.001	0.997
0.001	0.001	0.001	0.997
0.001	0.997	0.001	0.001
0.001	0.698	0.001	0.300
0.420	0.095	0.141	0.345
0.364	0.001	0.634	0.001
0.001	0.001	0.997	0.001
0.997	0.001	0.001	0.001
0.997	0.001	0.001	0.001
0.491	0.153	0.234	0.122
0.151	0.232	0.202	0.415
0.043	0.305	0.570	0.082
>GCTGTGTGAMTT	9-GCTGTGTGAMTT	7.749616	-268.175173	0	T:10834.0(21.17%),B:8540.7(17.23%),P:1e-116	Tpos:500.7,Tstd:273.7,Bpos:494.5,Bstd:289.0,StrandBias:0.0,Multiplicity:1.13
0.063	0.001	0.935	0.001
0.066	0.786	0.132	0.016
0.179	0.065	0.001	0.755
0.085	0.132	0.486	0.297
0.238	0.001	0.009	0.752
0.001	0.001	0.997	0.001
0.048	0.001	0.061	0.890
0.109	0.108	0.732	0.051
0.797	0.001	0.101	0.101
0.424	0.535	0.040	0.001
0.231	0.229	0.035	0.505
0.198	0.106	0.203	0.492
>NTTTAACGGCCH	10-NTTTAACGGCCH	5.174159	-228.492555	0	T:29328.0(57.31%),B:26099.8(52.64%),P:1e-99	Tpos:500.5,Tstd:284.1,Bpos:495.1,Bstd:303.3,StrandBias:-0.0,Multiplicity:1.50
0.218	0.240	0.204	0.338
0.101	0.124	0.109	0.666
0.096	0.116	0.108	0.680
0.119	0.120	0.114	0.647
0.627	0.145	0.114	0.114
0.661	0.114	0.124	0.101
0.192	0.499	0.170	0.139
0.186	0.090	0.535	0.189
0.113	0.107	0.661	0.119
0.110	0.665	0.112	0.113
0.129	0.667	0.068	0.136
0.249	0.246	0.151	0.354
>CCCCCCCCCMAA	11-CCCCCCCCCMAA	7.140714	-216.963790	0	T:24494.0(47.86%),B:21480.6(43.33%),P:1e-94	Tpos:500.0,Tstd:290.8,Bpos:500.5,Bstd:307.5,StrandBias:-0.1,Multiplicity:1.77
0.068	0.755	0.023	0.154
0.024	0.836	0.045	0.095
0.017	0.843	0.027	0.113
0.021	0.566	0.144	0.269
0.054	0.575	0.074	0.297
0.030	0.863	0.023	0.084
0.019	0.961	0.001	0.019
0.037	0.932	0.003	0.028
0.182	0.765	0.027	0.026
0.553	0.437	0.009	0.001
0.598	0.356	0.012	0.034
0.568	0.394	0.017	0.021
>CCGTGCTGATAA	12-CCGTGCTGATAA	7.489424	-200.590084	0	T:7234.0(14.14%),B:5587.0(11.27%),P:1e-87	Tpos:492.7,Tstd:277.6,Bpos:496.1,Bstd:294.0,StrandBias:-0.0,Multiplicity:1.08
0.098	0.716	0.093	0.093
0.185	0.553	0.076	0.186
0.167	0.178	0.444	0.211
0.068	0.035	0.110	0.787
0.086	0.078	0.750	0.086
0.031	0.829	0.080	0.060
0.077	0.001	0.003	0.919
0.054	0.051	0.824	0.071
0.778	0.074	0.072	0.076
0.106	0.070	0.080	0.744
0.823	0.067	0.039	0.071
0.836	0.050	0.056	0.058
>CCACCCCTTTTA	13-CCACCCCTTTTA	6.962257	-188.442084	0	T:16017.0(31.30%),B:13612.9(27.46%),P:1e-81	Tpos:500.2,Tstd:281.2,Bpos:499.2,Bstd:297.5,StrandBias:-0.0,Multiplicity:1.18
0.102	0.730	0.070	0.098
0.098	0.765	0.041	0.096
0.742	0.092	0.062	0.104
0.075	0.745	0.102	0.078
0.092	0.756	0.053	0.099
0.090	0.765	0.050	0.095
0.087	0.777	0.036	0.100
0.083	0.102	0.051	0.764
0.064	0.097	0.077	0.762
0.072	0.081	0.074	0.773
0.095	0.102	0.088	0.715
0.707	0.102	0.082	0.109
>CCGCCATCTTGN	14-CCGCCATCTTGN	9.970225	-181.835603	0	T:1846.0(3.61%),B:1121.0(2.26%),P:1e-78	Tpos:498.9,Tstd:279.7,Bpos:491.9,Bstd:276.7,StrandBias:-0.2,Multiplicity:1.07
0.161	0.615	0.185	0.039
0.019	0.628	0.253	0.100
0.130	0.001	0.677	0.192
0.001	0.997	0.001	0.001
0.001	0.997	0.001	0.001
0.793	0.169	0.001	0.037
0.001	0.001	0.068	0.930
0.001	0.776	0.183	0.040
0.016	0.001	0.001	0.982
0.001	0.001	0.137	0.861
0.281	0.083	0.533	0.103
0.261	0.268	0.265	0.206
>DRGTCAYRTGAC	15-DRGTCAYRTGAC	8.062062	-142.175034	0	T:3402.0(6.65%),B:2464.6(4.97%),P:1e-61	Tpos:505.2,Tstd:276.2,Bpos:485.7,Bstd:280.2,StrandBias:0.0,Multiplicity:1.07
0.333	0.145	0.223	0.299
0.403	0.013	0.408	0.176
0.071	0.059	0.840	0.030
0.031	0.058	0.058	0.853
0.025	0.935	0.017	0.023
0.910	0.032	0.001	0.057
0.002	0.549	0.011	0.438
0.465	0.024	0.492	0.019
0.062	0.001	0.019	0.918
0.001	0.001	0.997	0.001
0.855	0.045	0.063	0.037
0.054	0.760	0.086	0.100
>GGGGRAAAAAAA	16-GGGGRAAAAAAA	-4.677404	-138.059901	0	T:38612.0(75.45%),B:35818.9(72.25%),P:1e-59	Tpos:499.8,Tstd:290.1,Bpos:494.9,Bstd:306.4,StrandBias:-0.0,Multiplicity:2.06
0.001	0.001	0.997	0.001
0.001	0.001	0.997	0.001
0.001	0.001	0.997	0.001
0.001	0.001	0.997	0.001
0.568	0.001	0.430	0.001
0.997	0.001	0.001	0.001
0.997	0.001	0.001	0.001
0.997	0.001	0.001	0.001
0.997	0.001	0.001	0.001
0.997	0.001	0.001	0.001
0.997	0.001	0.001	0.001
0.997	0.001	0.001	0.001
>TAGCATGCTAAA	17-TAGCATGCTAAA	11.629416	-136.340895	0	T:116.0(0.23%),B:15.6(0.03%),P:1e-59	Tpos:535.8,Tstd:288.0,Bpos:383.9,Bstd:260.0,StrandBias:0.1,Multiplicity:1.00
0.001	0.001	0.001	0.997
0.997	0.001	0.001	0.001
0.057	0.001	0.895	0.047
0.001	0.997	0.001	0.001
0.895	0.001	0.001	0.103
0.001	0.134	0.001	0.864
0.001	0.001	0.997	0.001
0.001	0.997	0.001	0.001
0.001	0.001	0.138	0.860
0.997	0.001	0.001	0.001
0.925	0.001	0.073	0.001
0.978	0.001	0.001	0.020
>GTGACCTTGCAG	18-GTGACCTTGCAG	12.355432	-115.771033	0	T:63.0(0.12%),B:4.4(0.01%),P:1e-50	Tpos:508.7,Tstd:314.0,Bpos:573.5,Bstd:329.1,StrandBias:1.0,Multiplicity:1.00
0.100	0.100	0.700	0.100
0.100	0.100	0.100	0.700
0.100	0.100	0.700	0.100
0.700	0.100	0.100	0.100
0.100	0.700	0.100	0.100
0.100	0.700	0.100	0.100
0.100	0.100	0.100	0.700
0.100	0.100	0.100	0.700
0.100	0.100	0.700	0.100
0.100	0.700	0.100	0.100
0.700	0.100	0.100	0.100
0.100	0.100	0.700	0.100
>GTGGGAGTGTCT	19-GTGGGAGTGTCT	11.798338	-115.564274	0	T:161.0(0.31%),B:36.8(0.07%),P:1e-50	Tpos:506.2,Tstd:270.5,Bpos:551.8,Bstd:262.9,StrandBias:-0.0,Multiplicity:1.00
0.001	0.001	0.997	0.001
0.001	0.001	0.001	0.997
0.085	0.001	0.913	0.001
0.001	0.045	0.953	0.001
0.067	0.001	0.931	0.001
0.997	0.001	0.001	0.001
0.115	0.001	0.869	0.015
0.001	0.015	0.001	0.983
0.001	0.001	0.997	0.001
0.001	0.001	0.001	0.997
0.001	0.947	0.001	0.051
0.001	0.001	0.001	0.997
>BTGCGCATGCGC	20-BTGCGCATGCGC	9.510470	-110.541548	0	T:2502.0(4.89%),B:1794.1(3.62%),P:1e-48	Tpos:497.7,Tstd:300.9,Bpos:452.4,Bstd:263.3,StrandBias:-0.0,Multiplicity:1.24
0.132	0.364	0.257	0.247
0.085	0.283	0.184	0.448
0.001	0.001	0.997	0.001
0.220	0.704	0.041	0.035
0.043	0.001	0.955	0.001
0.001	0.997	0.001	0.001
0.760	0.086	0.029	0.125
0.079	0.017	0.176	0.728
0.001	0.001	0.997	0.001
0.001	0.894	0.029	0.076
0.001	0.029	0.805	0.165
0.001	0.905	0.001	0.093
>GTTTNGTGTGTG	21-GTTTNGTGTGTG	9.610314	-86.038491	0	T:2441.0(4.77%),B:1812.5(3.66%),P:1e-37	Tpos:508.4,Tstd:279.3,Bpos:484.9,Bstd:287.0,StrandBias:0.1,Multiplicity:1.14
0.074	0.116	0.791	0.019
0.021	0.012	0.001	0.966
0.031	0.034	0.323	0.612
0.020	0.091	0.076	0.813
0.284	0.266	0.275	0.175
0.152	0.027	0.630	0.191
0.035	0.049	0.041	0.875
0.001	0.034	0.921	0.044
0.041	0.001	0.001	0.957
0.001	0.063	0.843	0.093
0.078	0.001	0.021	0.900
0.001	0.012	0.986	0.001
>TTTGGATGTTAA	22-TTTGGATGTTAA	12.355432	-63.387177	0	T:50.0(0.10%),B:6.8(0.01%),P:1e-27	Tpos:520.7,Tstd:278.2,Bpos:321.2,Bstd:250.3,StrandBias:-0.9,Multiplicity:1.00
0.100	0.100	0.100	0.700
0.100	0.100	0.100	0.700
0.100	0.100	0.100	0.700
0.100	0.100	0.700	0.100
0.100	0.100	0.700	0.100
0.700	0.100	0.100	0.100
0.100	0.100	0.100	0.700
0.100	0.100	0.700	0.100
0.100	0.100	0.100	0.700
0.100	0.100	0.100	0.700
0.700	0.100	0.100	0.100
0.700	0.100	0.100	0.100
>ACACACCACACA	23-ACACACCACACA	11.645616	-48.174709	0	T:585.0(1.14%),B:373.8(0.75%),P:1e-20	Tpos:491.4,Tstd:252.5,Bpos:464.4,Bstd:276.9,StrandBias:-0.5,Multiplicity:3.13
0.937	0.036	0.001	0.026
0.008	0.889	0.009	0.094
0.993	0.001	0.005	0.001
0.019	0.949	0.020	0.012
0.646	0.306	0.039	0.009
0.350	0.606	0.001	0.043
0.207	0.757	0.015	0.021
0.830	0.104	0.005	0.061
0.001	0.927	0.021	0.051
0.982	0.001	0.005	0.012
0.008	0.886	0.042	0.064
0.922	0.039	0.025	0.014
>GTMGGGACCTCA	24-GTMGGGACCTCA	13.091502	-22.670374	0	T:20.0(0.04%),B:3.5(0.01%),P:1e-9	Tpos:502.1,Tstd:304.8,Bpos:709.8,Bstd:221.0,StrandBias:2.1,Multiplicity:2.90
0.001	0.001	0.997	0.001
0.001	0.001	0.001	0.997
0.552	0.446	0.001	0.001
0.001	0.110	0.888	0.001
0.001	0.110	0.888	0.001
0.001	0.001	0.997	0.001
0.997	0.001	0.001	0.001
0.306	0.692	0.001	0.001
0.001	0.888	0.110	0.001
0.001	0.001	0.110	0.888
0.001	0.997	0.001	0.001
0.997	0.001	0.001	0.001
>TGTGTGTGTGTG	25-TGTGTGTGTGTG	9.688827	-16.895120	0	T:5845.0(11.42%),B:5297.7(10.69%),P:1e-7	Tpos:504.6,Tstd:268.7,Bpos:493.0,Bstd:295.2,StrandBias:0.1,Multiplicity:1.54
0.100	0.001	0.147	0.752
0.056	0.300	0.643	0.001
0.009	0.001	0.001	0.989
0.085	0.174	0.740	0.001
0.001	0.001	0.011	0.987
0.152	0.118	0.719	0.011
0.001	0.001	0.045	0.953
0.199	0.087	0.713	0.001
0.001	0.001	0.036	0.962
0.169	0.171	0.659	0.001
0.130	0.001	0.047	0.822
0.001	0.224	0.764	0.011
>ATGACTCA	1-ATGACTCA	9.190292	-1526.629883	0	T:7972.0(15.58%),B:4040.8(8.15%),P:1e-663	Tpos:504.2,Tstd:270.3,Bpos:493.5,Bstd:290.9,StrandBias:0.0,Multiplicity:1.14
0.648	0.147	0.204	0.001
0.001	0.001	0.001	0.997
0.001	0.001	0.997	0.001
0.997	0.001	0.001	0.001
0.001	0.763	0.235	0.001
0.001	0.001	0.001	0.997
0.001	0.997	0.001	0.001
0.997	0.001	0.001	0.001
>CAGATAAG	2-CAGATAAG	6.271583	-1217.716090	0	T:19505.0(38.11%),B:13897.7(28.03%),P:1e-528	Tpos:499.9,Tstd:281.0,Bpos:492.2,Bstd:301.2,StrandBias:0.0,Multiplicity:1.33
0.085	0.573	0.270	0.072
0.547	0.076	0.091	0.286
0.052	0.033	0.905	0.010
0.759	0.029	0.004	0.208
0.079	0.043	0.001	0.877
0.850	0.062	0.015	0.073
0.818	0.075	0.093	0.014
0.110	0.191	0.671	0.028
>TTCCGGTT	3-TTCCGGTT	5.263509	-589.017890	0	T:25194.0(49.23%),B:20688.3(41.73%),P:1e-255	Tpos:499.3,Tstd:281.3,Bpos:496.6,Bstd:318.2,StrandBias:0.0,Multiplicity:1.73
0.016	0.027	0.011	0.946
0.114	0.001	0.001	0.884
0.001	0.818	0.025	0.156
0.001	0.997	0.001	0.001
0.001	0.001	0.997	0.001
0.047	0.158	0.536	0.259
0.125	0.217	0.165	0.493
0.178	0.179	0.217	0.425
>GACTAAGC	4-GACTAAGC	6.497851	-588.763671	0	T:15942.0(31.15%),B:12134.9(24.48%),P:1e-255	Tpos:496.3,Tstd:275.3,Bpos:495.1,Bstd:297.2,StrandBias:-0.0,Multiplicity:1.19
0.001	0.001	0.958	0.040
0.951	0.001	0.026	0.022
0.024	0.788	0.137	0.051
0.001	0.001	0.001	0.997
0.798	0.114	0.038	0.050
0.929	0.001	0.069	0.001
0.001	0.011	0.936	0.052
0.029	0.821	0.122	0.028
>NNCSGTTW	5-NNCSGTTW	4.429879	-554.981092	0	T:25119.0(49.08%),B:20725.4(41.80%),P:1e-241	Tpos:503.2,Tstd:279.5,Bpos:494.1,Bstd:321.4,StrandBias:0.0,Multiplicity:1.46
0.255	0.293	0.233	0.219
0.245	0.269	0.298	0.188
0.070	0.625	0.139	0.166
0.099	0.355	0.442	0.104
0.016	0.191	0.495	0.297
0.084	0.085	0.059	0.772
0.206	0.001	0.001	0.792
0.364	0.043	0.156	0.438
>ACGTTAHD	6-ACGTTAHD	4.528448	-521.081570	0	T:29602.0(57.84%),B:25164.9(50.76%),P:1e-226	Tpos:498.9,Tstd:281.4,Bpos:491.4,Bstd:318.6,StrandBias:-0.0,Multiplicity:1.65
0.559	0.009	0.189	0.243
0.001	0.997	0.001	0.001
0.001	0.001	0.997	0.001
0.102	0.133	0.001	0.764
0.282	0.059	0.062	0.597
0.542	0.024	0.118	0.316
0.281	0.328	0.080	0.310
0.330	0.149	0.216	0.305
>ACTTCCTG	7-ACTTCCTG	8.220607	-481.087284	0	T:12825.0(25.06%),B:9656.4(19.48%),P:1e-208	Tpos:502.1,Tstd:270.4,Bpos:496.3,Bstd:297.5,StrandBias:0.0,Multiplicity:1.18
0.997	0.001	0.001	0.001
0.001	0.903	0.095	0.001
0.001	0.001	0.001	0.997
0.001	0.001	0.001	0.997
0.001	0.997	0.001	0.001
0.001	0.997	0.001	0.001
0.001	0.001	0.011	0.987
0.001	0.225	0.614	0.160
>WAACWGCY	8-WAACWGCY	4.341058	-442.736263	0	T:29996.0(58.61%),B:25828.0(52.09%),P:1e-192	Tpos:500.7,Tstd:280.9,Bpos:500.1,Bstd:299.1,StrandBias:-0.0,Multiplicity:1.53
0.566	0.001	0.001	0.432
0.997	0.001	0.001	0.001
0.969	0.001	0.029	0.001
0.001	0.997	0.001	0.001
0.477	0.001	0.001	0.521
0.001	0.001	0.997	0.001
0.001	0.712	0.001	0.286
0.001	0.470	0.001	0.528
>CGGAAAAG	9-CGGAAAAG	5.282183	-420.889830	0	T:32291.0(63.10%),B:28172.3(56.82%),P:1e-182	Tpos:499.3,Tstd:280.3,Bpos:499.0,Bstd:314.9,StrandBias:0.0,Multiplicity:1.45
0.001	0.908	0.090	0.001
0.004	0.102	0.759	0.135
0.107	0.115	0.775	0.003
0.760	0.001	0.130	0.109
0.868	0.001	0.001	0.130
0.798	0.086	0.006	0.110
0.498	0.086	0.196	0.220
0.199	0.113	0.638	0.050
>AGGCCTTA	10-AGGCCTTA	5.907845	-406.485889	0	T:27433.0(53.61%),B:23470.7(47.34%),P:1e-176	Tpos:500.1,Tstd:277.4,Bpos:494.8,Bstd:302.7,StrandBias:-0.0,Multiplicity:1.45
0.655	0.001	0.343	0.001
0.145	0.349	0.505	0.001
0.001	0.354	0.644	0.001
0.001	0.862	0.136	0.001
0.001	0.610	0.001	0.388
0.001	0.159	0.001	0.839
0.284	0.058	0.121	0.537
0.587	0.029	0.165	0.219
>RCTGYTTA	11-RCTGYTTA	5.723222	-388.179629	0	T:34888.0(68.17%),B:30890.1(62.30%),P:1e-168	Tpos:500.9,Tstd:279.6,Bpos:500.3,Bstd:300.1,StrandBias:0.0,Multiplicity:1.45
0.305	0.204	0.442	0.049
0.001	0.869	0.129	0.001
0.077	0.001	0.004	0.918
0.026	0.058	0.885	0.031
0.222	0.314	0.001	0.463
0.116	0.157	0.210	0.517
0.307	0.001	0.001	0.691
0.441	0.253	0.124	0.182
>CGTTTCCT	12-CGTTTCCT	6.486804	-370.276793	0	T:21596.0(42.20%),B:18040.7(36.39%),P:1e-160	Tpos:499.6,Tstd:274.9,Bpos:496.4,Bstd:306.9,StrandBias:-0.0,Multiplicity:1.30
0.203	0.795	0.001	0.001
0.107	0.201	0.691	0.001
0.001	0.001	0.062	0.936
0.063	0.001	0.001	0.935
0.001	0.095	0.106	0.798
0.109	0.717	0.105	0.069
0.001	0.896	0.001	0.102
0.079	0.001	0.001	0.919
>GTCAGTTH	13-GTCAGTTH	6.264929	-357.137010	0	T:29406.0(57.46%),B:25585.3(51.60%),P:1e-155	Tpos:500.1,Tstd:278.4,Bpos:494.3,Bstd:300.8,StrandBias:0.1,Multiplicity:1.45
0.095	0.123	0.648	0.134
0.329	0.001	0.052	0.618
0.001	0.945	0.053	0.001
0.997	0.001	0.001	0.001
0.001	0.269	0.729	0.001
0.001	0.247	0.001	0.751
0.135	0.168	0.001	0.696
0.246	0.294	0.112	0.348
>STTTCDSR	14-STTTCDSR	4.853566	-325.378860	0	T:29411.0(57.47%),B:25724.5(51.89%),P:1e-141	Tpos:500.8,Tstd:279.9,Bpos:498.1,Bstd:303.3,StrandBias:-0.0,Multiplicity:1.39
0.178	0.465	0.336	0.020
0.051	0.030	0.277	0.642
0.054	0.016	0.073	0.857
0.196	0.186	0.091	0.527
0.184	0.488	0.066	0.262
0.360	0.036	0.300	0.304
0.222	0.439	0.331	0.008
0.347	0.028	0.436	0.189
>GTTACGAC	15-GTTACGAC	4.779028	-291.735983	0	T:26463.0(51.71%),B:23011.2(46.41%),P:1e-126	Tpos:501.8,Tstd:281.7,Bpos:497.1,Bstd:307.2,StrandBias:-0.0,Multiplicity:1.38
0.063	0.117	0.753	0.067
0.074	0.055	0.048	0.823
0.090	0.072	0.076	0.762
0.742	0.105	0.083	0.070
0.112	0.723	0.078	0.087
0.105	0.120	0.665	0.110
0.799	0.062	0.077	0.062
0.088	0.735	0.113	0.064
>GGCGGGGC	16-GGCGGGGC	3.834101	-277.495918	0	T:25389.0(49.61%),B:22042.8(44.46%),P:1e-120	Tpos:502.8,Tstd:298.1,Bpos:497.7,Bstd:305.8,StrandBias:0.0,Multiplicity:2.35
0.001	0.001	0.997	0.001
0.001	0.001	0.997	0.001
0.001	0.835	0.001	0.163
0.001	0.001	0.997	0.001
0.001	0.001	0.859	0.139
0.001	0.001	0.997	0.001
0.105	0.001	0.858	0.036
0.001	0.997	0.001	0.001
>TAGCWGTY	17-TAGCWGTY	5.966976	-277.378040	0	T:28298.0(55.30%),B:24855.0(50.13%),P:1e-120	Tpos:502.9,Tstd:279.0,Bpos:499.9,Bstd:295.3,StrandBias:0.0,Multiplicity:1.33
0.001	0.182	0.132	0.685
0.623	0.098	0.185	0.094
0.001	0.148	0.850	0.001
0.001	0.538	0.184	0.277
0.542	0.042	0.001	0.415
0.001	0.095	0.903	0.001
0.064	0.001	0.119	0.816
0.044	0.524	0.001	0.431
>TTTCCCCC	18-TTTCCCCC	6.178405	-268.515861	0	T:31322.0(61.20%),B:27856.8(56.19%),P:1e-116	Tpos:499.0,Tstd:278.8,Bpos:495.8,Bstd:307.7,StrandBias:0.0,Multiplicity:1.55
0.001	0.234	0.001	0.764
0.001	0.043	0.001	0.955
0.021	0.042	0.020	0.917
0.051	0.802	0.043	0.104
0.001	0.963	0.035	0.001
0.042	0.867	0.001	0.090
0.001	0.976	0.022	0.001
0.001	0.864	0.030	0.105
>GTSACTAG	19-GTSACTAG	6.783705	-256.697789	0	T:18363.0(35.88%),B:15478.7(31.22%),P:1e-111	Tpos:500.1,Tstd:277.5,Bpos:501.2,Bstd:293.6,StrandBias:0.0,Multiplicity:1.26
0.001	0.157	0.841	0.001
0.043	0.281	0.122	0.554
0.001	0.520	0.478	0.001
0.834	0.001	0.164	0.001
0.001	0.997	0.001	0.001
0.359	0.001	0.001	0.639
0.612	0.001	0.093	0.294
0.001	0.001	0.997	0.001
>CWGTAAGD	20-CWGTAAGD	5.680212	-242.448668	0	T:22896.0(44.74%),B:19823.1(39.98%),P:1e-105	Tpos:497.6,Tstd:284.4,Bpos:496.4,Bstd:301.5,StrandBias:0.0,Multiplicity:1.34
0.030	0.734	0.235	0.001
0.351	0.218	0.043	0.387
0.001	0.038	0.907	0.054
0.285	0.049	0.001	0.665
0.586	0.112	0.001	0.301
0.572	0.066	0.064	0.298
0.334	0.105	0.508	0.053
0.257	0.082	0.311	0.350
>TCTACCCC	21-TCTACCCC	3.895937	-231.307987	0	T:27686.0(54.10%),B:24486.2(49.39%),P:1e-100	Tpos:502.4,Tstd:287.7,Bpos:505.2,Bstd:307.2,StrandBias:-0.0,Multiplicity:1.63
0.001	0.125	0.001	0.873
0.001	0.997	0.001	0.001
0.001	0.125	0.001	0.873
0.874	0.124	0.001	0.001
0.001	0.997	0.001	0.001
0.001	0.997	0.001	0.001
0.001	0.997	0.001	0.001
0.001	0.997	0.001	0.001
>CGCTCTAA	22-CGCTCTAA	4.996809	-227.983797	0	T:24253.0(47.39%),B:21192.4(42.74%),P:1e-99	Tpos:497.5,Tstd:281.8,Bpos:500.0,Bstd:304.1,StrandBias:-0.0,Multiplicity:1.30
0.084	0.788	0.074	0.054
0.049	0.120	0.723	0.108
0.087	0.746	0.099	0.068
0.050	0.104	0.099	0.747
0.089	0.716	0.097	0.098
0.110	0.069	0.040	0.781
0.691	0.112	0.054	0.143
0.810	0.054	0.071	0.065
>GCCAAACA	23-GCCAAACA	6.865062	-191.640436	0	T:16740.0(32.71%),B:14271.0(28.78%),P:1e-83	Tpos:497.6,Tstd:282.0,Bpos:491.5,Bstd:294.2,StrandBias:-0.0,Multiplicity:1.19
0.001	0.035	0.813	0.151
0.001	0.895	0.030	0.074
0.152	0.819	0.010	0.019
0.966	0.001	0.013	0.020
0.944	0.038	0.001	0.017
0.864	0.016	0.051	0.069
0.034	0.865	0.034	0.067
0.909	0.001	0.036	0.054
>TTCGAACG	24-TTCGAACG	5.000412	-175.007650	0	T:20814.0(40.67%),B:18196.1(36.70%),P:1e-76	Tpos:502.1,Tstd:283.9,Bpos:496.5,Bstd:312.3,StrandBias:0.0,Multiplicity:1.26
0.113	0.030	0.089	0.768
0.103	0.064	0.102	0.731
0.110	0.708	0.072	0.110
0.062	0.097	0.771	0.070
0.821	0.089	0.049	0.041
0.810	0.109	0.036	0.045
0.112	0.683	0.125	0.080
0.054	0.160	0.712	0.074
>GTGTGTGT	25-GTGTGTGT	6.291044	-65.059821	0	T:28897.0(56.47%),B:26783.5(54.02%),P:1e-28	Tpos:501.9,Tstd:271.8,Bpos:493.3,Bstd:295.4,StrandBias:0.1,Multiplicity:1.87
0.100	0.100	0.700	0.100
0.100	0.100	0.100	0.700
0.100	0.100	0.700	0.100
0.100	0.100	0.100	0.700
0.100	0.100	0.700	0.100
0.100	0.100	0.100	0.700
0.100	0.100	0.700	0.100
0.100	0.100	0.100	0.700
