>ATGASTCAKC	1-ATGASTCAKC	8.402352	-1837.867980	0	T:5306.0(10.37%),B:2026.9(4.09%),P:1e-798	Tpos:501.4,Tstd:261.0,Bpos:503.6,Bstd:281.8,StrandBias:-0.0,Multiplicity:1.10
0.702	0.231	0.066	0.001
0.001	0.001	0.001	0.997
0.001	0.001	0.997	0.001
0.997	0.001	0.001	0.001
0.001	0.495	0.503	0.001
0.001	0.001	0.001	0.997
0.001	0.997	0.001	0.001
0.997	0.001	0.001	0.001
0.001	0.098	0.446	0.454
0.027	0.917	0.035	0.021
>NSBCTTATCT	2-NSBCTTATCT	7.049105	-1329.663721	0	T:15172.0(29.65%),B:9949.8(20.07%),P:1e-577	Tpos:500.9,Tstd:279.6,Bpos:493.0,Bstd:301.6,StrandBias:-0.0,Multiplicity:1.24
0.189	0.269	0.304	0.237
0.114	0.392	0.261	0.232
0.107	0.326	0.336	0.231
0.056	0.663	0.151	0.130
0.001	0.109	0.009	0.881
0.028	0.001	0.009	0.962
0.973	0.001	0.015	0.011
0.102	0.001	0.011	0.886
0.005	0.993	0.001	0.001
0.283	0.030	0.096	0.591
>NNRTGASTCA	3-NNRTGASTCA	7.484524	-1181.654359	0	T:15157.0(29.62%),B:10185.8(20.54%),P:1e-513	Tpos:502.2,Tstd:277.1,Bpos:494.5,Bstd:293.0,StrandBias:0.0,Multiplicity:1.17
0.242	0.225	0.245	0.288
0.208	0.225	0.262	0.306
0.401	0.224	0.374	0.001
0.001	0.001	0.001	0.997
0.001	0.001	0.997	0.001
0.942	0.056	0.001	0.001
0.001	0.450	0.548	0.001
0.001	0.001	0.001	0.997
0.216	0.782	0.001	0.001
0.997	0.001	0.001	0.001
>AACCGGAAGT	4-AACCGGAAGT	6.649671	-893.947843	0	T:20569.0(40.19%),B:15545.0(31.35%),P:1e-388	Tpos:501.1,Tstd:274.5,Bpos:494.0,Bstd:295.3,StrandBias:-0.0,Multiplicity:1.33
0.511	0.133	0.182	0.174
0.587	0.137	0.140	0.136
0.191	0.563	0.178	0.068
0.289	0.539	0.154	0.018
0.009	0.019	0.971	0.001
0.121	0.008	0.851	0.020
0.920	0.015	0.039	0.026
0.938	0.011	0.022	0.029
0.176	0.204	0.527	0.093
0.118	0.211	0.089	0.582
>CCGTTTYCCG	5-CCGTTTYCCG	5.297161	-615.456530	0	T:29574.0(57.79%),B:24828.4(50.08%),P:1e-267	Tpos:501.8,Tstd:278.2,Bpos:498.9,Bstd:314.7,StrandBias:-0.0,Multiplicity:1.58
0.253	0.485	0.081	0.181
0.113	0.566	0.154	0.167
0.159	0.188	0.520	0.133
0.075	0.162	0.141	0.622
0.093	0.022	0.012	0.873
0.063	0.013	0.078	0.846
0.052	0.374	0.076	0.499
0.182	0.473	0.103	0.242
0.150	0.478	0.280	0.093
0.156	0.118	0.512	0.214
>AACSGTTWVG	6-AACSGTTWVG	4.586377	-545.056260	0	T:26477.0(51.74%),B:22056.9(44.49%),P:1e-236	Tpos:499.3,Tstd:281.5,Bpos:495.9,Bstd:308.3,StrandBias:0.0,Multiplicity:1.39
0.470	0.074	0.270	0.187
0.608	0.227	0.120	0.045
0.131	0.642	0.197	0.030
0.186	0.308	0.339	0.168
0.062	0.084	0.800	0.054
0.112	0.161	0.188	0.539
0.087	0.049	0.109	0.755
0.304	0.163	0.144	0.389
0.365	0.254	0.254	0.126
0.202	0.244	0.411	0.144
>CGGAAACGAG	7-CGGAAACGAG	4.997671	-520.574693	0	T:28896.0(56.46%),B:24477.9(49.37%),P:1e-226	Tpos:499.1,Tstd:278.4,Bpos:497.1,Bstd:312.9,StrandBias:0.0,Multiplicity:1.38
0.106	0.679	0.117	0.098
0.087	0.143	0.661	0.109
0.106	0.122	0.655	0.117
0.748	0.073	0.102	0.077
0.724	0.099	0.069	0.108
0.665	0.111	0.096	0.128
0.095	0.715	0.083	0.107
0.118	0.106	0.648	0.128
0.825	0.103	0.067	0.005
0.166	0.113	0.661	0.060
>GGGCGGGGCY	8-GGGCGGGGCY	4.418300	-480.303663	0	T:23708.0(46.33%),B:19634.4(39.60%),P:1e-208	Tpos:501.9,Tstd:298.6,Bpos:498.3,Bstd:305.4,StrandBias:0.0,Multiplicity:2.38
0.001	0.001	0.997	0.001
0.001	0.001	0.997	0.001
0.001	0.001	0.997	0.001
0.001	0.672	0.001	0.326
0.001	0.001	0.997	0.001
0.001	0.001	0.815	0.183
0.218	0.001	0.780	0.001
0.001	0.001	0.997	0.001
0.001	0.876	0.001	0.122
0.091	0.516	0.001	0.392
>BTTAACWGCC	9-BTTAACWGCC	5.498698	-446.247693	0	T:28536.0(55.76%),B:24390.5(49.19%),P:1e-193	Tpos:499.8,Tstd:278.5,Bpos:497.2,Bstd:298.4,StrandBias:-0.0,Multiplicity:1.43
0.092	0.306	0.266	0.337
0.006	0.250	0.272	0.472
0.367	0.018	0.003	0.612
0.466	0.146	0.146	0.242
0.444	0.109	0.171	0.276
0.129	0.692	0.175	0.004
0.512	0.004	0.008	0.476
0.036	0.146	0.814	0.004
0.269	0.544	0.183	0.004
0.242	0.465	0.095	0.198
>AAACGGCCTT	10-AAACGGCCTT	4.949904	-376.132528	0	T:35507.0(69.38%),B:31560.8(63.66%),P:1e-163	Tpos:501.1,Tstd:283.0,Bpos:500.5,Bstd:305.7,StrandBias:0.0,Multiplicity:1.46
0.779	0.057	0.073	0.091
0.841	0.057	0.047	0.055
0.758	0.053	0.101	0.088
0.070	0.842	0.087	0.001
0.090	0.030	0.791	0.089
0.122	0.092	0.699	0.087
0.081	0.741	0.101	0.077
0.068	0.769	0.063	0.100
0.001	0.059	0.001	0.939
0.001	0.058	0.100	0.841
>CGCGTTTTAA	11-CGCGTTTTAA	4.369731	-364.317546	0	T:23427.0(45.78%),B:19795.5(39.93%),P:1e-158	Tpos:502.6,Tstd:287.2,Bpos:490.5,Bstd:316.1,StrandBias:0.0,Multiplicity:1.42
0.140	0.590	0.144	0.126
0.124	0.135	0.621	0.120
0.121	0.622	0.129	0.128
0.117	0.141	0.602	0.140
0.125	0.140	0.142	0.593
0.121	0.129	0.140	0.610
0.147	0.131	0.138	0.584
0.155	0.130	0.128	0.587
0.597	0.129	0.132	0.142
0.594	0.136	0.139	0.131
>TAGTAACCGC	12-TAGTAACCGC	4.521181	-363.511469	0	T:24959.0(48.77%),B:21259.9(42.88%),P:1e-157	Tpos:501.7,Tstd:284.0,Bpos:497.3,Bstd:312.5,StrandBias:-0.0,Multiplicity:1.32
0.157	0.120	0.148	0.575
0.590	0.168	0.107	0.135
0.154	0.177	0.532	0.137
0.133	0.129	0.130	0.608
0.579	0.117	0.129	0.175
0.703	0.039	0.127	0.131
0.157	0.578	0.153	0.112
0.099	0.627	0.149	0.125
0.121	0.094	0.681	0.104
0.163	0.528	0.153	0.156
>MGAAAGGCCT	13-MGAAAGGCCT	6.384496	-334.767401	0	T:25225.0(49.29%),B:21632.1(43.63%),P:1e-145	Tpos:501.1,Tstd:275.7,Bpos:498.0,Bstd:299.8,StrandBias:0.0,Multiplicity:1.35
0.292	0.402	0.135	0.172
0.083	0.096	0.580	0.241
0.454	0.227	0.114	0.206
0.629	0.032	0.070	0.269
0.967	0.001	0.031	0.001
0.200	0.001	0.790	0.009
0.001	0.257	0.741	0.001
0.001	0.943	0.055	0.001
0.001	0.727	0.006	0.266
0.005	0.010	0.001	0.984
>GTTACGTCAG	14-GTTACGTCAG	4.442137	-324.192170	0	T:27498.0(53.73%),B:23868.4(48.14%),P:1e-140	Tpos:496.8,Tstd:279.7,Bpos:496.1,Bstd:303.1,StrandBias:0.0,Multiplicity:1.39
0.131	0.110	0.625	0.134
0.131	0.132	0.123	0.614
0.154	0.130	0.086	0.630
0.577	0.136	0.140	0.147
0.148	0.584	0.139	0.129
0.109	0.134	0.618	0.139
0.148	0.127	0.141	0.584
0.123	0.595	0.134	0.148
0.556	0.148	0.158	0.138
0.134	0.112	0.615	0.139
>CTTAACTACG	15-CTTAACTACG	4.653322	-316.455612	0	T:27454.0(53.65%),B:23859.7(48.12%),P:1e-137	Tpos:497.2,Tstd:281.5,Bpos:501.5,Bstd:312.3,StrandBias:0.0,Multiplicity:1.33
0.102	0.696	0.096	0.106
0.097	0.111	0.078	0.714
0.124	0.104	0.106	0.666
0.697	0.103	0.100	0.100
0.696	0.099	0.090	0.115
0.109	0.702	0.099	0.090
0.113	0.096	0.110	0.681
0.700	0.103	0.076	0.121
0.078	0.732	0.113	0.077
0.095	0.089	0.716	0.100
>KTTCCNGGAA	16-KTTCCNGGAA	7.634448	-301.414729	0	T:10287.0(20.10%),B:7943.4(16.02%),P:1e-130	Tpos:496.3,Tstd:278.2,Bpos:496.7,Bstd:300.3,StrandBias:-0.0,Multiplicity:1.13
0.175	0.169	0.275	0.381
0.001	0.110	0.001	0.888
0.001	0.101	0.001	0.897
0.001	0.997	0.001	0.001
0.001	0.647	0.001	0.351
0.219	0.303	0.219	0.259
0.304	0.117	0.578	0.001
0.001	0.079	0.872	0.048
0.997	0.001	0.001	0.001
0.737	0.147	0.115	0.001
>CGGTAACGTT	17-CGGTAACGTT	4.665609	-276.271228	0	T:27512.0(53.76%),B:24097.9(48.60%),P:1e-119	Tpos:500.9,Tstd:283.6,Bpos:496.4,Bstd:311.6,StrandBias:-0.0,Multiplicity:1.37
0.085	0.702	0.121	0.092
0.150	0.072	0.667	0.111
0.222	0.168	0.444	0.166
0.131	0.088	0.065	0.716
0.743	0.122	0.071	0.064
0.722	0.075	0.120	0.083
0.108	0.759	0.066	0.067
0.086	0.125	0.735	0.054
0.040	0.087	0.001	0.872
0.104	0.062	0.114	0.720
>TTTTACCCCC	18-TTTTACCCCC	6.370614	-269.858060	0	T:24070.0(47.03%),B:20813.6(41.98%),P:1e-117	Tpos:500.8,Tstd:281.8,Bpos:494.9,Bstd:308.9,StrandBias:-0.0,Multiplicity:1.32
0.046	0.069	0.059	0.826
0.051	0.055	0.086	0.808
0.033	0.053	0.022	0.892
0.047	0.074	0.092	0.787
0.718	0.089	0.067	0.126
0.049	0.816	0.074	0.061
0.048	0.797	0.079	0.076
0.037	0.811	0.065	0.087
0.068	0.787	0.073	0.072
0.091	0.757	0.074	0.078
>TTAGGGCSTA	19-TTAGGGCSTA	5.311999	-266.523828	0	T:19610.0(38.32%),B:16602.2(33.49%),P:1e-115	Tpos:498.0,Tstd:281.5,Bpos:495.2,Bstd:316.4,StrandBias:0.0,Multiplicity:1.22
0.126	0.117	0.257	0.500
0.181	0.001	0.001	0.817
0.460	0.278	0.001	0.262
0.001	0.367	0.631	0.001
0.135	0.299	0.565	0.001
0.080	0.249	0.605	0.066
0.061	0.796	0.023	0.120
0.001	0.567	0.431	0.001
0.136	0.042	0.318	0.504
0.624	0.121	0.116	0.139
>KGGGGDRGRR	20-KGGGGDRGRR	5.738514	-246.351215	0	T:29307.0(57.27%),B:25988.9(52.42%),P:1e-106	Tpos:502.2,Tstd:286.3,Bpos:503.5,Bstd:306.5,StrandBias:0.0,Multiplicity:1.73
0.043	0.061	0.408	0.489
0.178	0.205	0.386	0.231
0.022	0.060	0.762	0.156
0.153	0.092	0.596	0.159
0.211	0.014	0.575	0.200
0.334	0.008	0.363	0.295
0.389	0.073	0.414	0.124
0.265	0.011	0.502	0.222
0.522	0.006	0.434	0.038
0.310	0.100	0.451	0.140
>CCGCCATCTT	21-CCGCCATCTT	8.876857	-164.753669	0	T:3119.0(6.09%),B:2171.4(4.38%),P:1e-71	Tpos:502.2,Tstd:285.8,Bpos:501.8,Bstd:278.7,StrandBias:-0.1,Multiplicity:1.07
0.049	0.856	0.040	0.055
0.018	0.748	0.233	0.001
0.045	0.031	0.923	0.001
0.001	0.989	0.009	0.001
0.011	0.961	0.027	0.001
0.911	0.034	0.030	0.025
0.001	0.001	0.009	0.989
0.019	0.910	0.044	0.027
0.001	0.001	0.001	0.997
0.001	0.001	0.010	0.988
>TGCGCATGCG	22-TGCGCATGCG	7.904871	-113.056878	0	T:3269.0(6.39%),B:2436.0(4.91%),P:1e-49	Tpos:496.4,Tstd:299.0,Bpos:455.6,Bstd:268.6,StrandBias:-0.0,Multiplicity:1.24
0.148	0.281	0.099	0.472
0.255	0.046	0.637	0.062
0.112	0.886	0.001	0.001
0.093	0.001	0.901	0.005
0.035	0.928	0.001	0.036
0.896	0.074	0.026	0.004
0.058	0.034	0.072	0.836
0.103	0.060	0.833	0.004
0.127	0.776	0.056	0.041
0.001	0.008	0.863	0.128
>CACACACACA	23-CACACACACA	5.598778	-54.634707	0	T:23534.0(45.99%),B:21695.0(43.76%),P:1e-23	Tpos:503.2,Tstd:271.7,Bpos:494.8,Bstd:292.6,StrandBias:-0.1,Multiplicity:1.67
0.017	0.873	0.109	0.001
0.954	0.016	0.001	0.029
0.001	0.908	0.056	0.035
0.971	0.027	0.001	0.001
0.037	0.885	0.018	0.060
0.928	0.062	0.001	0.009
0.001	0.887	0.043	0.069
0.937	0.021	0.001	0.041
0.001	0.948	0.033	0.018
0.905	0.047	0.001	0.047
>NTAGCATGCK	24-NTAGCATGCK	6.582391	-39.148201	0	T:159.0(0.31%),B:73.0(0.15%),P:1e-17	Tpos:538.2,Tstd:281.0,Bpos:500.2,Bstd:297.5,StrandBias:0.0,Multiplicity:1.00
0.248	0.220	0.218	0.313
0.146	0.104	0.116	0.634
0.538	0.223	0.119	0.120
0.123	0.144	0.584	0.149
0.132	0.564	0.135	0.169
0.483	0.132	0.236	0.149
0.130	0.243	0.133	0.494
0.171	0.128	0.551	0.150
0.147	0.582	0.132	0.139
0.197	0.196	0.351	0.256
>TGTGTKGTGT	25-TGTGTKGTGT	10.173777	-28.034770	0	T:1315.0(2.57%),B:1043.5(2.10%),P:1e-12	Tpos:491.0,Tstd:261.0,Bpos:489.7,Bstd:278.8,StrandBias:0.5,Multiplicity:2.06
0.051	0.001	0.059	0.889
0.132	0.078	0.789	0.001
0.001	0.001	0.325	0.673
0.058	0.041	0.692	0.209
0.194	0.001	0.280	0.525
0.001	0.001	0.487	0.511
0.095	0.001	0.903	0.001
0.001	0.101	0.081	0.817
0.087	0.001	0.911	0.001
0.076	0.001	0.001	0.922
