>ATGACTCA	1-ATGACTCA	9.190292	-1526.629883	0	T:7972.0(15.58%),B:4040.8(8.15%),P:1e-663	Tpos:504.2,Tstd:270.3,Bpos:493.5,Bstd:290.9,StrandBias:0.0,Multiplicity:1.14
0.648	0.147	0.204	0.001
0.001	0.001	0.001	0.997
0.001	0.001	0.997	0.001
0.997	0.001	0.001	0.001
0.001	0.763	0.235	0.001
0.001	0.001	0.001	0.997
0.001	0.997	0.001	0.001
0.997	0.001	0.001	0.001
>CAGATAAG	2-CAGATAAG	6.271583	-1217.716090	0	T:19505.0(38.11%),B:13897.7(28.03%),P:1e-528	Tpos:499.9,Tstd:281.0,Bpos:492.2,Bstd:301.2,StrandBias:0.0,Multiplicity:1.33
0.085	0.573	0.270	0.072
0.547	0.076	0.091	0.286
0.052	0.033	0.905	0.010
0.759	0.029	0.004	0.208
0.079	0.043	0.001	0.877
0.850	0.062	0.015	0.073
0.818	0.075	0.093	0.014
0.110	0.191	0.671	0.028
>TTCCGGTT	3-TTCCGGTT	5.263509	-589.017890	0	T:25194.0(49.23%),B:20688.3(41.73%),P:1e-255	Tpos:499.3,Tstd:281.3,Bpos:496.6,Bstd:318.2,StrandBias:0.0,Multiplicity:1.73
0.016	0.027	0.011	0.946
0.114	0.001	0.001	0.884
0.001	0.818	0.025	0.156
0.001	0.997	0.001	0.001
0.001	0.001	0.997	0.001
0.047	0.158	0.536	0.259
0.125	0.217	0.165	0.493
0.178	0.179	0.217	0.425
>GACTAAGC	4-GACTAAGC	6.497851	-588.763671	0	T:15942.0(31.15%),B:12134.9(24.48%),P:1e-255	Tpos:496.3,Tstd:275.3,Bpos:495.1,Bstd:297.2,StrandBias:-0.0,Multiplicity:1.19
0.001	0.001	0.958	0.040
0.951	0.001	0.026	0.022
0.024	0.788	0.137	0.051
0.001	0.001	0.001	0.997
0.798	0.114	0.038	0.050
0.929	0.001	0.069	0.001
0.001	0.011	0.936	0.052
0.029	0.821	0.122	0.028
>NNCSGTTW	5-NNCSGTTW	4.429879	-554.981092	0	T:25119.0(49.08%),B:20725.4(41.80%),P:1e-241	Tpos:503.2,Tstd:279.5,Bpos:494.1,Bstd:321.4,StrandBias:0.0,Multiplicity:1.46
0.255	0.293	0.233	0.219
0.245	0.269	0.298	0.188
0.070	0.625	0.139	0.166
0.099	0.355	0.442	0.104
0.016	0.191	0.495	0.297
0.084	0.085	0.059	0.772
0.206	0.001	0.001	0.792
0.364	0.043	0.156	0.438
>ACGTTAHD	6-ACGTTAHD	4.528448	-521.081570	0	T:29602.0(57.84%),B:25164.9(50.76%),P:1e-226	Tpos:498.9,Tstd:281.4,Bpos:491.4,Bstd:318.6,StrandBias:-0.0,Multiplicity:1.65
0.559	0.009	0.189	0.243
0.001	0.997	0.001	0.001
0.001	0.001	0.997	0.001
0.102	0.133	0.001	0.764
0.282	0.059	0.062	0.597
0.542	0.024	0.118	0.316
0.281	0.328	0.080	0.310
0.330	0.149	0.216	0.305
>ACTTCCTG	7-ACTTCCTG	8.220607	-481.087284	0	T:12825.0(25.06%),B:9656.4(19.48%),P:1e-208	Tpos:502.1,Tstd:270.4,Bpos:496.3,Bstd:297.5,StrandBias:0.0,Multiplicity:1.18
0.997	0.001	0.001	0.001
0.001	0.903	0.095	0.001
0.001	0.001	0.001	0.997
0.001	0.001	0.001	0.997
0.001	0.997	0.001	0.001
0.001	0.997	0.001	0.001
0.001	0.001	0.011	0.987
0.001	0.225	0.614	0.160
>WAACWGCY	8-WAACWGCY	4.341058	-442.736263	0	T:29996.0(58.61%),B:25828.0(52.09%),P:1e-192	Tpos:500.7,Tstd:280.9,Bpos:500.1,Bstd:299.1,StrandBias:-0.0,Multiplicity:1.53
0.566	0.001	0.001	0.432
0.997	0.001	0.001	0.001
0.969	0.001	0.029	0.001
0.001	0.997	0.001	0.001
0.477	0.001	0.001	0.521
0.001	0.001	0.997	0.001
0.001	0.712	0.001	0.286
0.001	0.470	0.001	0.528
>CGGAAAAG	9-CGGAAAAG	5.282183	-420.889830	0	T:32291.0(63.10%),B:28172.3(56.82%),P:1e-182	Tpos:499.3,Tstd:280.3,Bpos:499.0,Bstd:314.9,StrandBias:0.0,Multiplicity:1.45
0.001	0.908	0.090	0.001
0.004	0.102	0.759	0.135
0.107	0.115	0.775	0.003
0.760	0.001	0.130	0.109
0.868	0.001	0.001	0.130
0.798	0.086	0.006	0.110
0.498	0.086	0.196	0.220
0.199	0.113	0.638	0.050
>AGGCCTTA	10-AGGCCTTA	5.907845	-406.485889	0	T:27433.0(53.61%),B:23470.7(47.34%),P:1e-176	Tpos:500.1,Tstd:277.4,Bpos:494.8,Bstd:302.7,StrandBias:-0.0,Multiplicity:1.45
0.655	0.001	0.343	0.001
0.145	0.349	0.505	0.001
0.001	0.354	0.644	0.001
0.001	0.862	0.136	0.001
0.001	0.610	0.001	0.388
0.001	0.159	0.001	0.839
0.284	0.058	0.121	0.537
0.587	0.029	0.165	0.219
>RCTGYTTA	11-RCTGYTTA	5.723222	-388.179629	0	T:34888.0(68.17%),B:30890.1(62.30%),P:1e-168	Tpos:500.9,Tstd:279.6,Bpos:500.3,Bstd:300.1,StrandBias:0.0,Multiplicity:1.45
0.305	0.204	0.442	0.049
0.001	0.869	0.129	0.001
0.077	0.001	0.004	0.918
0.026	0.058	0.885	0.031
0.222	0.314	0.001	0.463
0.116	0.157	0.210	0.517
0.307	0.001	0.001	0.691
0.441	0.253	0.124	0.182
>CGTTTCCT	12-CGTTTCCT	6.486804	-370.276793	0	T:21596.0(42.20%),B:18040.7(36.39%),P:1e-160	Tpos:499.6,Tstd:274.9,Bpos:496.4,Bstd:306.9,StrandBias:-0.0,Multiplicity:1.30
0.203	0.795	0.001	0.001
0.107	0.201	0.691	0.001
0.001	0.001	0.062	0.936
0.063	0.001	0.001	0.935
0.001	0.095	0.106	0.798
0.109	0.717	0.105	0.069
0.001	0.896	0.001	0.102
0.079	0.001	0.001	0.919
>GTCAGTTH	13-GTCAGTTH	6.264929	-357.137010	0	T:29406.0(57.46%),B:25585.3(51.60%),P:1e-155	Tpos:500.1,Tstd:278.4,Bpos:494.3,Bstd:300.8,StrandBias:0.1,Multiplicity:1.45
0.095	0.123	0.648	0.134
0.329	0.001	0.052	0.618
0.001	0.945	0.053	0.001
0.997	0.001	0.001	0.001
0.001	0.269	0.729	0.001
0.001	0.247	0.001	0.751
0.135	0.168	0.001	0.696
0.246	0.294	0.112	0.348
>STTTCDSR	14-STTTCDSR	4.853566	-325.378860	0	T:29411.0(57.47%),B:25724.5(51.89%),P:1e-141	Tpos:500.8,Tstd:279.9,Bpos:498.1,Bstd:303.3,StrandBias:-0.0,Multiplicity:1.39
0.178	0.465	0.336	0.020
0.051	0.030	0.277	0.642
0.054	0.016	0.073	0.857
0.196	0.186	0.091	0.527
0.184	0.488	0.066	0.262
0.360	0.036	0.300	0.304
0.222	0.439	0.331	0.008
0.347	0.028	0.436	0.189
>GTTACGAC	15-GTTACGAC	4.779028	-291.735983	0	T:26463.0(51.71%),B:23011.2(46.41%),P:1e-126	Tpos:501.8,Tstd:281.7,Bpos:497.1,Bstd:307.2,StrandBias:-0.0,Multiplicity:1.38
0.063	0.117	0.753	0.067
0.074	0.055	0.048	0.823
0.090	0.072	0.076	0.762
0.742	0.105	0.083	0.070
0.112	0.723	0.078	0.087
0.105	0.120	0.665	0.110
0.799	0.062	0.077	0.062
0.088	0.735	0.113	0.064
>GGCGGGGC	16-GGCGGGGC	3.834101	-277.495918	0	T:25389.0(49.61%),B:22042.8(44.46%),P:1e-120	Tpos:502.8,Tstd:298.1,Bpos:497.7,Bstd:305.8,StrandBias:0.0,Multiplicity:2.35
0.001	0.001	0.997	0.001
0.001	0.001	0.997	0.001
0.001	0.835	0.001	0.163
0.001	0.001	0.997	0.001
0.001	0.001	0.859	0.139
0.001	0.001	0.997	0.001
0.105	0.001	0.858	0.036
0.001	0.997	0.001	0.001
>TAGCWGTY	17-TAGCWGTY	5.966976	-277.378040	0	T:28298.0(55.30%),B:24855.0(50.13%),P:1e-120	Tpos:502.9,Tstd:279.0,Bpos:499.9,Bstd:295.3,StrandBias:0.0,Multiplicity:1.33
0.001	0.182	0.132	0.685
0.623	0.098	0.185	0.094
0.001	0.148	0.850	0.001
0.001	0.538	0.184	0.277
0.542	0.042	0.001	0.415
0.001	0.095	0.903	0.001
0.064	0.001	0.119	0.816
0.044	0.524	0.001	0.431
>TTTCCCCC	18-TTTCCCCC	6.178405	-268.515861	0	T:31322.0(61.20%),B:27856.8(56.19%),P:1e-116	Tpos:499.0,Tstd:278.8,Bpos:495.8,Bstd:307.7,StrandBias:0.0,Multiplicity:1.55
0.001	0.234	0.001	0.764
0.001	0.043	0.001	0.955
0.021	0.042	0.020	0.917
0.051	0.802	0.043	0.104
0.001	0.963	0.035	0.001
0.042	0.867	0.001	0.090
0.001	0.976	0.022	0.001
0.001	0.864	0.030	0.105
>GTSACTAG	19-GTSACTAG	6.783705	-256.697789	0	T:18363.0(35.88%),B:15478.7(31.22%),P:1e-111	Tpos:500.1,Tstd:277.5,Bpos:501.2,Bstd:293.6,StrandBias:0.0,Multiplicity:1.26
0.001	0.157	0.841	0.001
0.043	0.281	0.122	0.554
0.001	0.520	0.478	0.001
0.834	0.001	0.164	0.001
0.001	0.997	0.001	0.001
0.359	0.001	0.001	0.639
0.612	0.001	0.093	0.294
0.001	0.001	0.997	0.001
>CWGTAAGD	20-CWGTAAGD	5.680212	-242.448668	0	T:22896.0(44.74%),B:19823.1(39.98%),P:1e-105	Tpos:497.6,Tstd:284.4,Bpos:496.4,Bstd:301.5,StrandBias:0.0,Multiplicity:1.34
0.030	0.734	0.235	0.001
0.351	0.218	0.043	0.387
0.001	0.038	0.907	0.054
0.285	0.049	0.001	0.665
0.586	0.112	0.001	0.301
0.572	0.066	0.064	0.298
0.334	0.105	0.508	0.053
0.257	0.082	0.311	0.350
>TCTACCCC	21-TCTACCCC	3.895937	-231.307987	0	T:27686.0(54.10%),B:24486.2(49.39%),P:1e-100	Tpos:502.4,Tstd:287.7,Bpos:505.2,Bstd:307.2,StrandBias:-0.0,Multiplicity:1.63
0.001	0.125	0.001	0.873
0.001	0.997	0.001	0.001
0.001	0.125	0.001	0.873
0.874	0.124	0.001	0.001
0.001	0.997	0.001	0.001
0.001	0.997	0.001	0.001
0.001	0.997	0.001	0.001
0.001	0.997	0.001	0.001
>CGCTCTAA	22-CGCTCTAA	4.996809	-227.983797	0	T:24253.0(47.39%),B:21192.4(42.74%),P:1e-99	Tpos:497.5,Tstd:281.8,Bpos:500.0,Bstd:304.1,StrandBias:-0.0,Multiplicity:1.30
0.084	0.788	0.074	0.054
0.049	0.120	0.723	0.108
0.087	0.746	0.099	0.068
0.050	0.104	0.099	0.747
0.089	0.716	0.097	0.098
0.110	0.069	0.040	0.781
0.691	0.112	0.054	0.143
0.810	0.054	0.071	0.065
>GCCAAACA	23-GCCAAACA	6.865062	-191.640436	0	T:16740.0(32.71%),B:14271.0(28.78%),P:1e-83	Tpos:497.6,Tstd:282.0,Bpos:491.5,Bstd:294.2,StrandBias:-0.0,Multiplicity:1.19
0.001	0.035	0.813	0.151
0.001	0.895	0.030	0.074
0.152	0.819	0.010	0.019
0.966	0.001	0.013	0.020
0.944	0.038	0.001	0.017
0.864	0.016	0.051	0.069
0.034	0.865	0.034	0.067
0.909	0.001	0.036	0.054
>TTCGAACG	24-TTCGAACG	5.000412	-175.007650	0	T:20814.0(40.67%),B:18196.1(36.70%),P:1e-76	Tpos:502.1,Tstd:283.9,Bpos:496.5,Bstd:312.3,StrandBias:0.0,Multiplicity:1.26
0.113	0.030	0.089	0.768
0.103	0.064	0.102	0.731
0.110	0.708	0.072	0.110
0.062	0.097	0.771	0.070
0.821	0.089	0.049	0.041
0.810	0.109	0.036	0.045
0.112	0.683	0.125	0.080
0.054	0.160	0.712	0.074
>GTGTGTGT	25-GTGTGTGT	6.291044	-65.059821	0	T:28897.0(56.47%),B:26783.5(54.02%),P:1e-28	Tpos:501.9,Tstd:271.8,Bpos:493.3,Bstd:295.4,StrandBias:0.1,Multiplicity:1.87
0.100	0.100	0.700	0.100
0.100	0.100	0.100	0.700
0.100	0.100	0.700	0.100
0.100	0.100	0.100	0.700
0.100	0.100	0.700	0.100
0.100	0.100	0.100	0.700
0.100	0.100	0.700	0.100
0.100	0.100	0.100	0.700
