>CAGCACWG	1-CAGCACWG	7.346766	-481.409683	0	T:60432.0(56.18%),B:55783.0(51.48%),P:1e-209	Tpos:500.4,Tstd:275.6,Bpos:501.6,Bstd:309.0,StrandBias:0.0,Multiplicity:1.59
0.146	0.657	0.196	0.001
0.578	0.108	0.001	0.313
0.001	0.001	0.997	0.001
0.001	0.797	0.201	0.001
0.894	0.001	0.104	0.001
0.001	0.997	0.001	0.001
0.416	0.060	0.174	0.350
0.001	0.001	0.997	0.001
>CAGGGCTG	2-CAGGGCTG	3.588443	-465.933465	0	T:64941.0(60.37%),B:60453.2(55.79%),P:1e-202	Tpos:499.8,Tstd:277.0,Bpos:499.5,Bstd:306.0,StrandBias:0.0,Multiplicity:1.61
0.001	0.896	0.001	0.102
0.997	0.001	0.001	0.001
0.001	0.001	0.997	0.001
0.294	0.001	0.704	0.001
0.001	0.001	0.997	0.001
0.001	0.997	0.001	0.001
0.001	0.202	0.001	0.796
0.001	0.001	0.997	0.001
>CTCAGAGC	3-CTCAGAGC	6.773256	-414.085355	0	T:60968.0(56.68%),B:56700.1(52.33%),P:1e-179	Tpos:498.9,Tstd:279.6,Bpos:498.0,Bstd:308.2,StrandBias:-0.0,Multiplicity:1.58
0.061	0.937	0.001	0.001
0.186	0.115	0.087	0.612
0.036	0.637	0.225	0.102
0.743	0.001	0.038	0.218
0.168	0.001	0.830	0.001
0.929	0.069	0.001	0.001
0.145	0.001	0.853	0.001
0.189	0.721	0.054	0.036
>GCTTTGCA	4-GCTTTGCA	6.291044	-411.129562	0	T:66726.0(62.03%),B:62584.6(57.76%),P:1e-178	Tpos:499.1,Tstd:284.7,Bpos:500.5,Bstd:303.9,StrandBias:-0.0,Multiplicity:1.63
0.100	0.100	0.700	0.100
0.100	0.700	0.100	0.100
0.100	0.100	0.100	0.700
0.100	0.100	0.100	0.700
0.100	0.100	0.100	0.700
0.100	0.100	0.700	0.100
0.100	0.700	0.100	0.100
0.700	0.100	0.100	0.100
>GAMAGCCC	5-GAMAGCCC	6.123959	-378.713018	0	T:67106.0(62.39%),B:63163.2(58.29%),P:1e-164	Tpos:501.2,Tstd:282.5,Bpos:501.6,Bstd:305.7,StrandBias:0.0,Multiplicity:1.43
0.038	0.001	0.841	0.120
0.925	0.001	0.035	0.039
0.422	0.349	0.145	0.084
0.863	0.001	0.135	0.001
0.026	0.001	0.943	0.030
0.090	0.592	0.001	0.317
0.001	0.558	0.089	0.352
0.264	0.628	0.107	0.001
>TAAATGAG	6-TAAATGAG	3.520618	-340.837114	0	T:55698.0(51.78%),B:51821.5(47.83%),P:1e-148	Tpos:500.1,Tstd:293.5,Bpos:496.7,Bstd:304.4,StrandBias:-0.0,Multiplicity:1.49
0.001	0.125	0.001	0.873
0.870	0.002	0.054	0.074
0.997	0.001	0.001	0.001
0.997	0.001	0.001	0.001
0.001	0.001	0.001	0.997
0.001	0.001	0.997	0.001
0.609	0.389	0.001	0.001
0.127	0.001	0.871	0.001
>TSCAAACG	7-TSCAAACG	6.521671	-329.482962	0	T:48926.0(45.48%),B:45114.3(41.64%),P:1e-143	Tpos:499.7,Tstd:290.8,Bpos:499.9,Bstd:303.3,StrandBias:0.0,Multiplicity:1.38
0.001	0.001	0.034	0.964
0.001	0.439	0.559	0.001
0.001	0.608	0.390	0.001
0.830	0.001	0.001	0.168
0.997	0.001	0.001	0.001
0.997	0.001	0.001	0.001
0.001	0.596	0.001	0.402
0.405	0.001	0.593	0.001
>TCTGTGCT	8-TCTGTGCT	6.616915	-323.197413	0	T:69984.0(65.06%),B:66459.1(61.33%),P:1e-140	Tpos:499.1,Tstd:282.2,Bpos:502.1,Bstd:309.6,StrandBias:0.0,Multiplicity:1.40
0.001	0.001	0.001	0.997
0.001	0.917	0.081	0.001
0.044	0.001	0.001	0.954
0.075	0.079	0.845	0.001
0.115	0.066	0.087	0.732
0.001	0.054	0.944	0.001
0.035	0.914	0.001	0.050
0.042	0.156	0.059	0.743
>GAAGCATY	9-GAAGCATY	6.470849	-319.300058	0	T:37241.0(34.62%),B:33638.1(31.04%),P:1e-138	Tpos:498.8,Tstd:286.1,Bpos:500.1,Bstd:307.5,StrandBias:-0.0,Multiplicity:1.26
0.001	0.328	0.577	0.094
0.837	0.161	0.001	0.001
0.434	0.201	0.160	0.205
0.001	0.209	0.646	0.144
0.001	0.910	0.001	0.088
0.699	0.001	0.218	0.082
0.001	0.001	0.001	0.997
0.001	0.515	0.001	0.483
>TGCAGAGT	10-TGCAGAGT	6.735563	-318.018223	0	T:58767.0(54.63%),B:55063.1(50.82%),P:1e-138	Tpos:499.7,Tstd:282.3,Bpos:499.6,Bstd:308.7,StrandBias:0.0,Multiplicity:1.40
0.207	0.004	0.001	0.788
0.001	0.001	0.997	0.001
0.001	0.997	0.001	0.001
0.721	0.002	0.276	0.001
0.001	0.367	0.631	0.001
0.671	0.141	0.187	0.001
0.182	0.001	0.524	0.293
0.146	0.001	0.182	0.671
>ACGGTCCT	11-ACGGTCCT	6.206398	-299.472440	0	T:43778.0(40.70%),B:40196.5(37.10%),P:1e-130	Tpos:502.1,Tstd:280.0,Bpos:502.3,Bstd:305.1,StrandBias:0.0,Multiplicity:1.26
0.882	0.059	0.025	0.034
0.001	0.923	0.001	0.075
0.189	0.001	0.722	0.088
0.001	0.292	0.619	0.088
0.092	0.034	0.062	0.812
0.001	0.559	0.205	0.235
0.001	0.942	0.001	0.056
0.152	0.001	0.001	0.846
>CACGGGAN	12-CACGGGAN	5.909752	-283.229673	0	T:38821.0(36.09%),B:35413.9(32.68%),P:1e-123	Tpos:499.7,Tstd:281.0,Bpos:504.4,Bstd:300.0,StrandBias:0.0,Multiplicity:1.33
0.023	0.975	0.001	0.001
0.920	0.001	0.001	0.078
0.001	0.997	0.001	0.001
0.001	0.001	0.997	0.001
0.001	0.001	0.972	0.026
0.351	0.071	0.512	0.066
0.542	0.001	0.371	0.086
0.230	0.215	0.232	0.323
>GCTGTTTA	13-GCTGTTTA	6.395568	-275.755883	0	T:58033.0(53.95%),B:54610.4(50.40%),P:1e-119	Tpos:500.7,Tstd:287.0,Bpos:500.8,Bstd:306.1,StrandBias:0.0,Multiplicity:1.33
0.223	0.001	0.533	0.243
0.100	0.548	0.277	0.075
0.001	0.001	0.001	0.997
0.001	0.001	0.997	0.001
0.001	0.017	0.124	0.858
0.001	0.238	0.261	0.499
0.001	0.181	0.109	0.709
0.852	0.146	0.001	0.001
>GAGCATTY	14-GAGCATTY	5.472979	-270.719907	0	T:54679.0(50.83%),B:51267.5(47.31%),P:1e-117	Tpos:499.0,Tstd:286.9,Bpos:503.2,Bstd:305.5,StrandBias:-0.0,Multiplicity:1.31
0.015	0.102	0.627	0.256
0.724	0.237	0.013	0.026
0.334	0.020	0.631	0.015
0.001	0.700	0.298	0.001
0.701	0.287	0.011	0.001
0.265	0.109	0.189	0.437
0.015	0.278	0.171	0.536
0.157	0.401	0.096	0.346
>GCTTTCAW	15-GCTTTCAW	5.829190	-252.397857	0	T:69242.0(64.37%),B:66180.0(61.08%),P:1e-109	Tpos:500.8,Tstd:288.0,Bpos:500.7,Bstd:302.5,StrandBias:0.0,Multiplicity:1.51
0.001	0.198	0.800	0.001
0.033	0.899	0.001	0.067
0.023	0.001	0.121	0.855
0.001	0.061	0.001	0.937
0.048	0.071	0.001	0.880
0.103	0.618	0.278	0.001
0.816	0.085	0.025	0.074
0.492	0.082	0.001	0.424
>GTTTAGCA	16-GTTTAGCA	5.654991	-242.342323	0	T:48028.0(44.65%),B:44816.0(41.36%),P:1e-105	Tpos:500.0,Tstd:287.2,Bpos:500.9,Bstd:300.8,StrandBias:0.0,Multiplicity:1.33
0.080	0.001	0.918	0.001
0.024	0.001	0.117	0.858
0.027	0.067	0.022	0.884
0.053	0.040	0.119	0.788
0.936	0.001	0.062	0.001
0.083	0.030	0.868	0.019
0.094	0.884	0.021	0.001
0.931	0.035	0.001	0.033
>AGAGCGTT	17-AGAGCGTT	6.680274	-237.578472	0	T:48670.0(45.25%),B:45491.4(41.98%),P:1e-103	Tpos:500.9,Tstd:281.4,Bpos:500.5,Bstd:307.4,StrandBias:-0.0,Multiplicity:1.33
0.851	0.001	0.001	0.147
0.001	0.001	0.997	0.001
0.839	0.001	0.159	0.001
0.059	0.001	0.939	0.001
0.001	0.542	0.103	0.354
0.193	0.001	0.805	0.001
0.001	0.001	0.001	0.997
0.001	0.064	0.339	0.596
>TDAGCVCT	18-TDAGCVCT	5.816328	-235.127803	0	T:59703.0(55.50%),B:56597.9(52.23%),P:1e-102	Tpos:500.0,Tstd:285.2,Bpos:501.2,Bstd:303.3,StrandBias:0.0,Multiplicity:1.35
0.001	0.001	0.001	0.997
0.355	0.001	0.250	0.395
0.720	0.001	0.001	0.278
0.226	0.001	0.740	0.033
0.029	0.551	0.162	0.258
0.258	0.251	0.377	0.114
0.009	0.553	0.397	0.041
0.041	0.063	0.001	0.895
>CCTTAGAG	19-CCTTAGAG	6.905816	-230.369985	0	T:42078.0(39.12%),B:38992.1(35.99%),P:1e-100	Tpos:499.5,Tstd:281.0,Bpos:500.6,Bstd:305.8,StrandBias:0.0,Multiplicity:1.24
0.145	0.624	0.230	0.001
0.001	0.980	0.018	0.001
0.259	0.001	0.001	0.739
0.077	0.001	0.001	0.921
0.739	0.001	0.259	0.001
0.001	0.351	0.647	0.001
0.773	0.225	0.001	0.001
0.099	0.309	0.591	0.001
>CGTGTACA	20-CGTGTACA	4.657546	-132.501019	0	T:54242.0(50.43%),B:51989.6(47.98%),P:1e-57	Tpos:499.7,Tstd:281.8,Bpos:500.6,Bstd:303.7,StrandBias:0.0,Multiplicity:1.47
0.113	0.762	0.124	0.001
0.001	0.001	0.997	0.001
0.001	0.112	0.001	0.886
0.109	0.001	0.889	0.001
0.001	0.001	0.421	0.577
0.997	0.001	0.001	0.001
0.001	0.659	0.339	0.001
0.889	0.001	0.109	0.001
>GTAATATC	21-GTAATATC	9.164177	-36.421875	0	T:3887.0(3.61%),B:3432.7(3.17%),P:1e-15	Tpos:497.0,Tstd:296.1,Bpos:495.0,Bstd:298.2,StrandBias:-0.0,Multiplicity:1.26
0.001	0.152	0.846	0.001
0.198	0.001	0.001	0.800
0.997	0.001	0.001	0.001
0.883	0.001	0.115	0.001
0.001	0.001	0.001	0.997
0.997	0.001	0.001	0.001
0.001	0.001	0.001	0.997
0.001	0.997	0.001	0.001
>TTCAACTC	22-TTCAACTC	8.236954	-35.702578	0	T:3618.0(3.36%),B:3183.4(2.94%),P:1e-15	Tpos:499.8,Tstd:286.1,Bpos:496.0,Bstd:298.3,StrandBias:-0.0,Multiplicity:1.13
0.100	0.100	0.100	0.700
0.100	0.100	0.100	0.700
0.100	0.700	0.100	0.100
0.700	0.100	0.100	0.100
0.700	0.100	0.100	0.100
0.100	0.700	0.100	0.100
0.100	0.100	0.100	0.700
0.100	0.700	0.100	0.100
>ATTCCATT	23-ATTCCATT	4.134112	-34.402113	0	T:60398.0(56.15%),B:59539.7(54.95%),P:1e-14	Tpos:498.2,Tstd:293.1,Bpos:497.9,Bstd:301.7,StrandBias:0.1,Multiplicity:1.85
0.997	0.001	0.001	0.001
0.001	0.001	0.001	0.997
0.001	0.001	0.001	0.997
0.001	0.997	0.001	0.001
0.001	0.970	0.028	0.001
0.997	0.001	0.001	0.001
0.001	0.001	0.001	0.997
0.001	0.001	0.001	0.997
>TATCACAG	24-TATCACAG	10.644674	-25.083923	0	T:3174.0(2.95%),B:2839.0(2.62%),P:1e-10	Tpos:496.3,Tstd:287.2,Bpos:505.1,Bstd:312.0,StrandBias:0.0,Multiplicity:1.28
0.001	0.001	0.001	0.997
0.997	0.001	0.001	0.001
0.001	0.001	0.001	0.997
0.001	0.997	0.001	0.001
0.654	0.001	0.344	0.001
0.001	0.997	0.001	0.001
0.997	0.001	0.001	0.001
0.001	0.001	0.997	0.001
>ACCCTAAC	25-ACCCTAAC	6.291044	-18.485958	0	T:43781.0(40.70%),B:43191.6(39.86%),P:1e-8	Tpos:500.6,Tstd:279.9,Bpos:498.3,Bstd:303.0,StrandBias:-0.1,Multiplicity:1.41
0.700	0.100	0.100	0.100
0.100	0.700	0.100	0.100
0.100	0.700	0.100	0.100
0.100	0.700	0.100	0.100
0.100	0.100	0.100	0.700
0.700	0.100	0.100	0.100
0.700	0.100	0.100	0.100
0.100	0.700	0.100	0.100
