>AGGRCTGTCC	1-AGGRCTGTCC	6.150184	-563.247131	0	T:68118.0(63.33%),B:63208.8(58.33%),P:1e-244	Tpos:499.2,Tstd:275.8,Bpos:502.2,Bstd:309.0,StrandBias:0.0,Multiplicity:1.55
0.542	0.019	0.113	0.326
0.068	0.040	0.857	0.035
0.275	0.085	0.557	0.083
0.355	0.042	0.454	0.149
0.039	0.920	0.019	0.022
0.097	0.094	0.033	0.776
0.146	0.125	0.661	0.068
0.146	0.166	0.041	0.647
0.046	0.541	0.316	0.097
0.026	0.702	0.048	0.224
>CTCTGCGCTG	2-CTCTGCGCTG	6.404373	-447.950285	0	T:75234.0(69.94%),B:71163.2(65.68%),P:1e-194	Tpos:500.1,Tstd:277.2,Bpos:501.3,Bstd:304.1,StrandBias:0.0,Multiplicity:1.89
0.100	0.700	0.100	0.100
0.100	0.100	0.100	0.700
0.100	0.700	0.100	0.100
0.100	0.100	0.100	0.700
0.100	0.100	0.700	0.100
0.100	0.700	0.100	0.100
0.100	0.100	0.700	0.100
0.100	0.700	0.100	0.100
0.100	0.100	0.100	0.700
0.100	0.100	0.700	0.100
>CATAGAGCAG	3-CATAGAGCAG	6.482147	-444.253362	0	T:64563.0(60.02%),B:60186.8(55.55%),P:1e-192	Tpos:499.0,Tstd:280.6,Bpos:499.8,Bstd:308.1,StrandBias:-0.0,Multiplicity:1.44
0.034	0.846	0.061	0.059
0.767	0.071	0.044	0.118
0.068	0.094	0.068	0.770
0.806	0.040	0.083	0.071
0.068	0.060	0.806	0.066
0.816	0.049	0.082	0.053
0.050	0.085	0.792	0.073
0.084	0.737	0.075	0.104
0.838	0.055	0.053	0.054
0.049	0.071	0.823	0.057
>TGCTTAGCAC	4-TGCTTAGCAC	5.901590	-410.524378	0	T:60560.0(56.30%),B:56307.1(51.96%),P:1e-178	Tpos:498.3,Tstd:281.3,Bpos:501.3,Bstd:306.7,StrandBias:0.0,Multiplicity:1.49
0.093	0.037	0.071	0.799
0.019	0.065	0.861	0.055
0.065	0.863	0.027	0.045
0.217	0.033	0.054	0.696
0.094	0.213	0.130	0.563
0.704	0.019	0.031	0.246
0.114	0.040	0.819	0.027
0.134	0.755	0.060	0.051
0.857	0.034	0.037	0.072
0.125	0.690	0.109	0.076
>TGTACAGCGC	5-TGTACAGCGC	5.475234	-407.315411	0	T:43112.0(40.08%),B:38893.5(35.89%),P:1e-176	Tpos:499.9,Tstd:276.4,Bpos:500.1,Bstd:307.8,StrandBias:0.0,Multiplicity:1.48
0.178	0.062	0.025	0.735
0.099	0.123	0.634	0.144
0.113	0.216	0.168	0.503
0.473	0.155	0.228	0.143
0.150	0.632	0.037	0.181
0.799	0.040	0.070	0.091
0.114	0.276	0.495	0.115
0.215	0.421	0.154	0.211
0.131	0.259	0.452	0.159
0.139	0.535	0.107	0.219
>TTCCAACGAA	6-TTCCAACGAA	11.958585	-349.685216	0	T:227.0(0.21%),B:20.7(0.02%),P:1e-151	Tpos:497.6,Tstd:288.5,Bpos:539.2,Bstd:272.1,StrandBias:0.9,Multiplicity:1.90
0.001	0.001	0.001	0.997
0.001	0.001	0.001	0.997
0.001	0.997	0.001	0.001
0.001	0.845	0.153	0.001
0.997	0.001	0.001	0.001
0.997	0.001	0.001	0.001
0.001	0.997	0.001	0.001
0.001	0.001	0.997	0.001
0.997	0.001	0.001	0.001
0.997	0.001	0.001	0.001
>GCTCTGCGGA	7-GCTCTGCGGA	6.057492	-341.474215	0	T:58838.0(54.70%),B:54983.8(50.74%),P:1e-148	Tpos:501.7,Tstd:279.4,Bpos:500.0,Bstd:306.5,StrandBias:0.0,Multiplicity:1.38
0.046	0.063	0.823	0.068
0.043	0.848	0.049	0.060
0.069	0.084	0.031	0.816
0.034	0.812	0.056	0.098
0.080	0.064	0.031	0.825
0.064	0.052	0.840	0.044
0.107	0.691	0.074	0.128
0.076	0.130	0.716	0.078
0.077	0.020	0.779	0.124
0.850	0.038	0.072	0.040
>TAATGCACGG	8-TAATGCACGG	4.732308	-329.957768	0	T:66297.0(61.63%),B:62637.4(57.81%),P:1e-143	Tpos:499.9,Tstd:285.9,Bpos:500.9,Bstd:303.7,StrandBias:0.0,Multiplicity:1.46
0.120	0.119	0.100	0.661
0.698	0.103	0.103	0.096
0.717	0.110	0.090	0.083
0.105	0.084	0.103	0.708
0.111	0.112	0.658	0.119
0.108	0.711	0.078	0.103
0.749	0.085	0.074	0.092
0.080	0.711	0.109	0.100
0.110	0.111	0.679	0.100
0.101	0.095	0.707	0.097
>TCTACACTGT	9-TCTACACTGT	5.113163	-307.848146	0	T:70330.0(65.38%),B:66914.4(61.75%),P:1e-133	Tpos:501.2,Tstd:282.3,Bpos:500.8,Bstd:304.6,StrandBias:-0.0,Multiplicity:1.49
0.053	0.113	0.073	0.761
0.044	0.839	0.062	0.055
0.067	0.108	0.033	0.792
0.799	0.074	0.070	0.057
0.047	0.814	0.059	0.080
0.774	0.085	0.049	0.092
0.057	0.835	0.050	0.058
0.082	0.072	0.065	0.781
0.077	0.096	0.778	0.049
0.043	0.060	0.069	0.828
>TTTGCAAGCG	10-TTTGCAAGCG	5.033176	-281.280805	0	T:61392.0(57.07%),B:57970.3(53.50%),P:1e-122	Tpos:499.0,Tstd:289.9,Bpos:499.1,Bstd:300.7,StrandBias:-0.0,Multiplicity:1.50
0.080	0.121	0.075	0.724
0.092	0.111	0.091	0.706
0.097	0.078	0.090	0.735
0.100	0.113	0.698	0.089
0.138	0.673	0.109	0.080
0.760	0.083	0.081	0.076
0.683	0.110	0.083	0.124
0.125	0.081	0.699	0.095
0.097	0.676	0.110	0.117
0.151	0.115	0.645	0.089
>GCGTGTTTAA	11-GCGTGTTTAA	4.782422	-243.408153	0	T:56260.0(52.30%),B:53058.0(48.97%),P:1e-105	Tpos:499.0,Tstd:290.8,Bpos:500.4,Bstd:298.5,StrandBias:0.0,Multiplicity:1.40
0.087	0.100	0.712	0.101
0.117	0.666	0.094	0.123
0.105	0.091	0.710	0.094
0.112	0.082	0.114	0.692
0.100	0.085	0.700	0.115
0.103	0.084	0.084	0.729
0.095	0.107	0.097	0.701
0.113	0.108	0.119	0.660
0.714	0.106	0.088	0.092
0.715	0.099	0.093	0.093
>GATATTCCCG	12-GATATTCCCG	10.296193	-212.880582	0	T:137.0(0.13%),B:12.2(0.01%),P:1e-92	Tpos:518.6,Tstd:271.6,Bpos:495.7,Bstd:222.5,StrandBias:1.2,Multiplicity:1.28
0.100	0.100	0.700	0.100
0.700	0.100	0.100	0.100
0.100	0.100	0.100	0.700
0.700	0.100	0.100	0.100
0.100	0.100	0.100	0.700
0.100	0.100	0.100	0.700
0.100	0.700	0.100	0.100
0.100	0.700	0.100	0.100
0.100	0.700	0.100	0.100
0.100	0.100	0.700	0.100
>CGATATTTSC	13-CGATATTTSC	11.188950	-137.945838	0	T:528.0(0.49%),B:237.5(0.22%),P:1e-59	Tpos:499.2,Tstd:294.1,Bpos:518.2,Bstd:297.0,StrandBias:0.7,Multiplicity:1.31
0.382	0.616	0.001	0.001
0.001	0.001	0.997	0.001
0.997	0.001	0.001	0.001
0.001	0.001	0.001	0.997
0.997	0.001	0.001	0.001
0.001	0.001	0.001	0.997
0.177	0.001	0.001	0.821
0.319	0.001	0.001	0.679
0.001	0.517	0.481	0.001
0.001	0.636	0.362	0.001
>TCCGAATATC	14-TCCGAATATC	11.802372	-134.185315	0	T:546.0(0.51%),B:252.3(0.23%),P:1e-58	Tpos:500.2,Tstd:286.5,Bpos:468.9,Bstd:284.0,StrandBias:0.7,Multiplicity:1.39
0.001	0.001	0.001	0.997
0.001	0.997	0.001	0.001
0.001	0.646	0.352	0.001
0.381	0.001	0.617	0.001
0.997	0.001	0.001	0.001
0.997	0.001	0.001	0.001
0.001	0.001	0.001	0.997
0.970	0.001	0.028	0.001
0.001	0.001	0.001	0.997
0.001	0.997	0.001	0.001
>GAAGCATTCT	15-GAAGCATTCT	10.296193	-120.157322	0	T:510.0(0.47%),B:240.3(0.22%),P:1e-52	Tpos:495.5,Tstd:278.6,Bpos:515.6,Bstd:284.6,StrandBias:-1.2,Multiplicity:2.00
0.100	0.100	0.700	0.100
0.700	0.100	0.100	0.100
0.700	0.100	0.100	0.100
0.100	0.100	0.700	0.100
0.100	0.700	0.100	0.100
0.700	0.100	0.100	0.100
0.100	0.100	0.100	0.700
0.100	0.100	0.100	0.700
0.100	0.700	0.100	0.100
0.100	0.100	0.100	0.700
>AAAGAGTGTT	16-AAAGAGTGTT	13.789858	-115.594997	0	T:504.0(0.47%),B:240.4(0.22%),P:1e-50	Tpos:493.0,Tstd:289.0,Bpos:500.4,Bstd:292.4,StrandBias:0.6,Multiplicity:1.66
0.997	0.001	0.001	0.001
0.997	0.001	0.001	0.001
0.997	0.001	0.001	0.001
0.001	0.001	0.997	0.001
0.997	0.001	0.001	0.001
0.001	0.001	0.997	0.001
0.001	0.043	0.001	0.955
0.001	0.001	0.997	0.001
0.001	0.001	0.001	0.997
0.001	0.001	0.001	0.997
>CTGTGATATT	17-CTGTGATATT	-0.537991	-105.883797	0	T:63784.0(59.30%),B:61918.5(57.14%),P:1e-45	Tpos:500.8,Tstd:291.8,Bpos:499.3,Bstd:303.5,StrandBias:0.0,Multiplicity:1.59
0.001	0.997	0.001	0.001
0.001	0.044	0.055	0.900
0.001	0.001	0.997	0.001
0.001	0.368	0.001	0.630
0.001	0.001	0.997	0.001
0.997	0.001	0.001	0.001
0.001	0.001	0.001	0.997
0.997	0.001	0.001	0.001
0.001	0.001	0.001	0.997
0.001	0.001	0.001	0.997
>GTTCAACTCT	18-GTTCAACTCT	11.325637	-93.240642	0	T:704.0(0.65%),B:409.3(0.38%),P:1e-40	Tpos:516.0,Tstd:282.4,Bpos:517.2,Bstd:288.5,StrandBias:0.2,Multiplicity:1.44
0.001	0.001	0.997	0.001
0.001	0.001	0.001	0.997
0.001	0.001	0.001	0.997
0.001	0.997	0.001	0.001
0.997	0.001	0.001	0.001
0.997	0.001	0.001	0.001
0.001	0.997	0.001	0.001
0.093	0.001	0.001	0.905
0.001	0.997	0.001	0.001
0.127	0.001	0.001	0.871
>AATCGAATGG	19-AATCGAATGG	2.756325	-81.602057	0	T:54011.0(50.21%),B:52342.7(48.31%),P:1e-35	Tpos:498.1,Tstd:282.3,Bpos:502.9,Bstd:303.9,StrandBias:-0.1,Multiplicity:1.71
0.703	0.295	0.001	0.001
0.647	0.351	0.001	0.001
0.001	0.001	0.001	0.997
0.001	0.647	0.351	0.001
0.001	0.001	0.997	0.001
0.997	0.001	0.001	0.001
0.648	0.350	0.001	0.001
0.001	0.001	0.001	0.997
0.001	0.350	0.648	0.001
0.001	0.001	0.997	0.001
>GCGATGTAAC	20-GCGATGTAAC	2.846939	-81.556806	0	T:33133.0(30.80%),B:31490.2(29.06%),P:1e-35	Tpos:498.5,Tstd:288.2,Bpos:499.1,Bstd:302.4,StrandBias:0.0,Multiplicity:1.22
0.001	0.001	0.690	0.308
0.001	0.595	0.001	0.403
0.001	0.113	0.885	0.001
0.885	0.001	0.113	0.001
0.001	0.221	0.001	0.777
0.048	0.001	0.950	0.001
0.001	0.001	0.001	0.997
0.728	0.001	0.001	0.270
0.712	0.001	0.001	0.286
0.001	0.997	0.001	0.001
>TATCCTATCC	21-TATCCTATCC	6.404373	-52.149356	0	T:48321.0(44.92%),B:47053.7(43.43%),P:1e-22	Tpos:499.8,Tstd:283.5,Bpos:501.2,Bstd:304.5,StrandBias:0.0,Multiplicity:1.44
0.100	0.100	0.100	0.700
0.700	0.100	0.100	0.100
0.100	0.100	0.100	0.700
0.100	0.700	0.100	0.100
0.100	0.700	0.100	0.100
0.100	0.100	0.100	0.700
0.700	0.100	0.100	0.100
0.100	0.100	0.100	0.700
0.100	0.700	0.100	0.100
0.100	0.700	0.100	0.100
>GATCAGTGCA	22-GATCAGTGCA	10.296193	-44.244138	0	T:248.0(0.23%),B:132.7(0.12%),P:1e-19	Tpos:500.2,Tstd:284.5,Bpos:504.8,Bstd:328.1,StrandBias:0.0,Multiplicity:3.03
0.100	0.100	0.700	0.100
0.700	0.100	0.100	0.100
0.100	0.100	0.100	0.700
0.100	0.700	0.100	0.100
0.700	0.100	0.100	0.100
0.100	0.100	0.700	0.100
0.100	0.100	0.100	0.700
0.100	0.100	0.700	0.100
0.100	0.700	0.100	0.100
0.700	0.100	0.100	0.100
>TAAAATCTCG	23-TAAAATCTCG	8.495383	-33.580960	0	T:699.0(0.65%),B:516.8(0.48%),P:1e-14	Tpos:502.8,Tstd:292.0,Bpos:502.6,Bstd:297.0,StrandBias:-0.9,Multiplicity:1.46
0.001	0.001	0.001	0.997
0.997	0.001	0.001	0.001
0.997	0.001	0.001	0.001
0.997	0.001	0.001	0.001
0.997	0.001	0.001	0.001
0.059	0.001	0.001	0.939
0.001	0.997	0.001	0.001
0.001	0.001	0.001	0.997
0.081	0.917	0.001	0.001
0.001	0.001	0.997	0.001
>GCGACATGCG	24-GCGACATGCG	6.404373	-20.628581	0	T:23897.0(22.22%),B:23257.2(21.46%),P:1e-8	Tpos:502.4,Tstd:282.1,Bpos:502.1,Bstd:296.4,StrandBias:0.0,Multiplicity:1.17
0.100	0.100	0.700	0.100
0.100	0.700	0.100	0.100
0.100	0.100	0.700	0.100
0.700	0.100	0.100	0.100
0.100	0.700	0.100	0.100
0.700	0.100	0.100	0.100
0.100	0.100	0.100	0.700
0.100	0.100	0.700	0.100
0.100	0.700	0.100	0.100
0.100	0.100	0.700	0.100
>TAACCCTAAC	25-TAACCCTAAC	-4.242297	-19.800489	0	T:51970.0(48.31%),B:51386.1(47.42%),P:1e-8	Tpos:500.6,Tstd:283.4,Bpos:500.1,Bstd:297.1,StrandBias:-0.0,Multiplicity:1.50
0.001	0.001	0.001	0.997
0.997	0.001	0.001	0.001
0.997	0.001	0.001	0.001
0.001	0.997	0.001	0.001
0.001	0.984	0.014	0.001
0.001	0.997	0.001	0.001
0.001	0.001	0.001	0.997
0.997	0.001	0.001	0.001
0.997	0.001	0.001	0.001
0.001	0.997	0.001	0.001
