>ACACMCCACACA	23-ACACMCCACACA	10.483568	-47.688973	0	T:659.0(3.07%),B:577.8(2.09%),P:1e-20
0.812	0.157	0.001	0.030
0.001	0.840	0.068	0.091
0.875	0.075	0.049	0.001
0.089	0.805	0.059	0.047
0.513	0.420	0.045	0.022
0.310	0.546	0.078	0.066
0.276	0.678	0.020	0.026
0.597	0.289	0.007	0.107
0.020	0.897	0.005	0.078
0.862	0.104	0.006	0.028
0.034	0.873	0.014	0.079
0.827	0.102	0.013	0.058
