>TCCSTGACCCCT	12-TCCSTGACCCCT,BestGuess:PB0118.1_Esrra_2/Jaspar(0.756)	13.976006	-546.403501	0	T:506.0(2.35%),B:96.3(0.35%),P:1e-237
0.037	0.017	0.002	0.944
0.024	0.940	0.002	0.034
0.130	0.839	0.029	0.002
0.109	0.371	0.490	0.029
0.010	0.031	0.024	0.935
0.032	0.162	0.764	0.042
0.823	0.143	0.027	0.007
0.039	0.898	0.041	0.022
0.027	0.626	0.032	0.315
0.005	0.935	0.046	0.014
0.020	0.876	0.057	0.047
0.052	0.005	0.007	0.936
