>TCGAATGGAATG	11-TCGAATGGAATG	10.261293	-610.370406	0	T:280.0(1.30%),B:16.7(0.06%),P:1e-265
0.103	0.075	0.100	0.722
0.105	0.482	0.254	0.159
0.148	0.142	0.576	0.134
0.742	0.066	0.127	0.065
0.630	0.142	0.121	0.107
0.089	0.098	0.069	0.744
0.088	0.126	0.652	0.134
0.146	0.100	0.661	0.093
0.799	0.058	0.088	0.055
0.668	0.121	0.129	0.082
0.137	0.055	0.067	0.741
0.105	0.212	0.582	0.101
