>GAATGGAATGGA	14-GAATGGAATGGA	12.035014	-531.413473	0	T:282.0(1.31%),B:22.1(0.08%),P:1e-230
0.085	0.047	0.765	0.103
0.912	0.061	0.013	0.014
0.641	0.103	0.214	0.042
0.042	0.030	0.009	0.919
0.062	0.134	0.678	0.126
0.056	0.049	0.840	0.055
0.966	0.008	0.009	0.017
0.598	0.165	0.185	0.052
0.042	0.026	0.010	0.922
0.068	0.220	0.629	0.083
0.088	0.118	0.728	0.066
0.947	0.022	0.015	0.016
