>ATCTGAGAATGC	6-ATCTGAGAATGC,BestGuess:STAT5(Stat)/mCD4+-Stat5-ChIP-Seq(GSE12346)/Homer(0.700)	12.089250	-875.084320	0	T:590.0(2.75%),B:71.1(0.26%),P:1e-380
0.588	0.023	0.082	0.307
0.045	0.024	0.041	0.890
0.026	0.889	0.049	0.036
0.020	0.031	0.031	0.918
0.022	0.305	0.653	0.020
0.904	0.044	0.033	0.019
0.018	0.042	0.858	0.082
0.854	0.039	0.023	0.084
0.599	0.301	0.029	0.071
0.026	0.359	0.020	0.595
0.022	0.059	0.896	0.023
0.014	0.638	0.317	0.031
