>TTCGGGAGGGAG	13-TTCGGGAGGGAG	12.668731	-538.879522	0	T:749.0(3.49%),B:221.6(0.80%),P:1e-234
0.082	0.040	0.158	0.720
0.035	0.167	0.048	0.750
0.098	0.672	0.115	0.115
0.015	0.042	0.911	0.032
0.028	0.067	0.884	0.021
0.031	0.051	0.911	0.007
0.813	0.026	0.016	0.145
0.034	0.026	0.898	0.042
0.020	0.071	0.876	0.033
0.028	0.045	0.914	0.013
0.796	0.020	0.139	0.045
0.087	0.028	0.857	0.028
