>TGCTCAGCACAG	1-TGCTCAGCACAG	7.411613	-422.736845	0	T:37480.0(41.69%),B:33428.6(37.00%),P:1e-183
0.231	0.008	0.094	0.667
0.047	0.131	0.806	0.016
0.184	0.675	0.102	0.039
0.309	0.119	0.009	0.563
0.096	0.689	0.112	0.103
0.673	0.002	0.001	0.324
0.037	0.010	0.925	0.028
0.103	0.608	0.157	0.132
0.614	0.210	0.043	0.133
0.034	0.839	0.115	0.012
0.707	0.035	0.028	0.230
0.023	0.113	0.757	0.107
