>TCGTTCGAAACG	2-CGTTTCGAACGA	10.683938	-407.225159	0	T:109.0(0.12%),B:1.7(0.00%),P:1e-176
0.058	0.088	0.160	0.694
0.072	0.747	0.100	0.081
0.095	0.091	0.723	0.091
0.065	0.150	0.074	0.711
0.072	0.077	0.071	0.780
0.076	0.695	0.058	0.171
0.064	0.078	0.778	0.080
0.804	0.080	0.056	0.060
0.805	0.074	0.067	0.054
0.821	0.048	0.073	0.058
0.081	0.720	0.097	0.102
0.090	0.096	0.725	0.089
