>TGTACAGCGC	1-TGTACAGCGC	6.186617	-438.923311	0	T:45248.0(50.33%),B:41044.7(45.43%),P:1e-190	Tpos:500.7,Tstd:281.1,Bpos:497.0,Bstd:303.8,StrandBias:0.0,Multiplicity:1.45
0.090	0.001	0.001	0.908
0.160	0.033	0.775	0.032
0.170	0.219	0.104	0.507
0.615	0.002	0.202	0.181
0.136	0.803	0.008	0.053
0.937	0.001	0.001	0.061
0.124	0.064	0.811	0.001
0.036	0.498	0.178	0.287
0.252	0.083	0.507	0.158
0.038	0.779	0.049	0.134
>CTCTGCGCTG	2-CTCTGCGCTG	6.404373	-367.723747	0	T:61319.0(68.21%),B:57765.5(63.93%),P:1e-159	Tpos:499.3,Tstd:278.6,Bpos:501.2,Bstd:301.3,StrandBias:0.0,Multiplicity:2.00
0.100	0.700	0.100	0.100
0.100	0.100	0.100	0.700
0.100	0.700	0.100	0.100
0.100	0.100	0.100	0.700
0.100	0.100	0.700	0.100
0.100	0.700	0.100	0.100
0.100	0.100	0.700	0.100
0.100	0.700	0.100	0.100
0.100	0.100	0.100	0.700
0.100	0.100	0.700	0.100
>GGACAGCTCT	3-GGACAGCTCT	6.251647	-315.016204	0	T:54049.0(60.12%),B:50608.8(56.01%),P:1e-136	Tpos:500.9,Tstd:280.0,Bpos:500.1,Bstd:304.4,StrandBias:-0.0,Multiplicity:1.51
0.091	0.048	0.791	0.070
0.069	0.116	0.775	0.040
0.791	0.056	0.072	0.081
0.045	0.808	0.080	0.067
0.788	0.070	0.061	0.081
0.076	0.053	0.783	0.088
0.052	0.799	0.065	0.084
0.043	0.086	0.043	0.828
0.048	0.810	0.046	0.096
0.050	0.088	0.034	0.828
>TVTACACYGT	4-TVTACACYGT	5.256258	-304.033828	0	T:48834.0(54.32%),B:45394.7(50.24%),P:1e-132	Tpos:500.2,Tstd:281.8,Bpos:497.9,Bstd:303.2,StrandBias:0.0,Multiplicity:1.39
0.175	0.243	0.186	0.395
0.211	0.352	0.245	0.191
0.232	0.306	0.001	0.461
0.493	0.138	0.322	0.048
0.062	0.617	0.259	0.062
0.575	0.202	0.001	0.222
0.001	0.847	0.112	0.040
0.225	0.243	0.150	0.381
0.202	0.259	0.537	0.002
0.272	0.001	0.096	0.631
>GCTYTGAGSA	5-GCTYTGAGSA	5.334722	-303.220088	0	T:50553.0(56.23%),B:47134.3(52.16%),P:1e-131	Tpos:501.7,Tstd:283.5,Bpos:497.4,Bstd:304.7,StrandBias:-0.0,Multiplicity:1.37
0.269	0.267	0.459	0.005
0.178	0.482	0.125	0.215
0.238	0.189	0.011	0.562
0.004	0.421	0.221	0.355
0.273	0.166	0.129	0.432
0.013	0.394	0.551	0.042
0.590	0.001	0.299	0.110
0.210	0.009	0.488	0.293
0.140	0.391	0.259	0.210
0.692	0.291	0.005	0.012
>GTGCTAAGCA	6-GTGCTAAGCA	6.127190	-272.072621	0	T:43446.0(48.33%),B:40191.8(44.48%),P:1e-118	Tpos:499.6,Tstd:283.4,Bpos:501.1,Bstd:303.2,StrandBias:-0.0,Multiplicity:1.32
0.080	0.075	0.803	0.042
0.055	0.037	0.052	0.856
0.067	0.083	0.759	0.091
0.058	0.819	0.062	0.061
0.082	0.041	0.049	0.828
0.738	0.094	0.078	0.090
0.830	0.045	0.056	0.069
0.055	0.064	0.800	0.081
0.048	0.761	0.122	0.069
0.808	0.066	0.049	0.077
>AGCGCTCTCT	7-AGCGCTCTCT	6.564841	-252.887498	0	T:40248.0(44.77%),B:37131.3(41.09%),P:1e-109	Tpos:501.8,Tstd:282.7,Bpos:500.1,Bstd:303.2,StrandBias:-0.0,Multiplicity:1.30
0.670	0.105	0.058	0.167
0.207	0.001	0.704	0.088
0.077	0.770	0.046	0.107
0.133	0.133	0.570	0.164
0.001	0.997	0.001	0.001
0.013	0.032	0.001	0.954
0.046	0.797	0.014	0.143
0.053	0.085	0.001	0.861
0.027	0.745	0.164	0.064
0.175	0.098	0.001	0.726
>TAATGCACGG	8-TAATGCACGG	4.877230	-246.195128	0	T:36892.0(41.04%),B:33850.6(37.46%),P:1e-106	Tpos:500.4,Tstd:286.2,Bpos:500.5,Bstd:301.1,StrandBias:0.0,Multiplicity:1.27
0.108	0.110	0.088	0.694
0.683	0.114	0.100	0.103
0.713	0.094	0.079	0.114
0.112	0.088	0.095	0.705
0.106	0.088	0.684	0.122
0.096	0.724	0.084	0.096
0.731	0.091	0.071	0.107
0.086	0.689	0.120	0.105
0.119	0.100	0.674	0.107
0.094	0.107	0.703	0.096
>CATAGCGTAG	9-CATAGCGTAG	6.023713	-197.318994	0	T:21094.0(23.46%),B:18760.6(20.76%),P:1e-85	Tpos:501.2,Tstd:283.1,Bpos:497.9,Bstd:299.9,StrandBias:-0.0,Multiplicity:1.14
0.071	0.823	0.017	0.089
0.843	0.037	0.071	0.049
0.072	0.053	0.105	0.770
0.821	0.041	0.047	0.091
0.028	0.063	0.815	0.094
0.124	0.753	0.084	0.039
0.050	0.155	0.691	0.104
0.028	0.086	0.036	0.850
0.820	0.043	0.088	0.049
0.072	0.042	0.815	0.071
>TTAGGAGCAA	10-TTAGGAGCAA	6.228639	-169.440081	0	T:45818.0(50.97%),B:43309.3(47.93%),P:1e-73	Tpos:499.2,Tstd:287.5,Bpos:500.2,Bstd:299.8,StrandBias:-0.0,Multiplicity:1.40
0.064	0.027	0.044	0.865
0.083	0.065	0.069	0.783
0.740	0.053	0.120	0.087
0.087	0.053	0.781	0.079
0.049	0.113	0.802	0.036
0.836	0.024	0.070	0.070
0.080	0.057	0.813	0.050
0.071	0.772	0.054	0.103
0.836	0.062	0.042	0.060
0.775	0.066	0.088	0.071
>TTTCCAACGA	11-TTTCCAACGA	13.757940	-118.879718	0	T:146.0(0.16%),B:30.9(0.03%),P:1e-51	Tpos:520.3,Tstd:275.0,Bpos:409.5,Bstd:275.1,StrandBias:0.6,Multiplicity:1.70
0.001	0.001	0.001	0.997
0.001	0.001	0.001	0.997
0.001	0.001	0.001	0.997
0.001	0.997	0.001	0.001
0.001	0.925	0.073	0.001
0.997	0.001	0.001	0.001
0.997	0.001	0.001	0.001
0.001	0.997	0.001	0.001
0.001	0.001	0.997	0.001
0.997	0.001	0.001	0.001
>CGGGAATATC	12-CGGGAATATC	10.296193	-80.774385	0	T:85.0(0.09%),B:15.7(0.02%),P:1e-35	Tpos:495.0,Tstd:276.7,Bpos:484.4,Bstd:267.2,StrandBias:-1.9,Multiplicity:1.25
0.100	0.700	0.100	0.100
0.100	0.100	0.700	0.100
0.100	0.100	0.700	0.100
0.100	0.100	0.700	0.100
0.700	0.100	0.100	0.100
0.700	0.100	0.100	0.100
0.100	0.100	0.100	0.700
0.700	0.100	0.100	0.100
0.100	0.100	0.100	0.700
0.100	0.700	0.100	0.100
>AACACTCTTT	13-AACACTCTTT	10.296193	-75.212299	0	T:392.0(0.44%),B:201.5(0.22%),P:1e-32	Tpos:497.2,Tstd:284.5,Bpos:502.7,Bstd:297.6,StrandBias:-0.8,Multiplicity:1.51
0.700	0.100	0.100	0.100
0.700	0.100	0.100	0.100
0.100	0.700	0.100	0.100
0.700	0.100	0.100	0.100
0.100	0.700	0.100	0.100
0.100	0.100	0.100	0.700
0.100	0.700	0.100	0.100
0.100	0.100	0.100	0.700
0.100	0.100	0.100	0.700
0.100	0.100	0.100	0.700
>TGCAAGCSGA	14-TGCAAGCSGA	8.611585	-71.287525	0	T:549.0(0.61%),B:321.6(0.36%),P:1e-30	Tpos:509.5,Tstd:283.2,Bpos:509.3,Bstd:305.6,StrandBias:-0.5,Multiplicity:1.29
0.148	0.179	0.073	0.600
0.049	0.098	0.627	0.226
0.025	0.919	0.032	0.024
0.889	0.029	0.039	0.043
0.569	0.300	0.045	0.086
0.112	0.266	0.447	0.175
0.001	0.552	0.113	0.334
0.037	0.497	0.363	0.103
0.112	0.037	0.719	0.132
0.769	0.054	0.076	0.101
>AATCGAATGG	15-AATCGAATGG	2.430716	-62.536417	0	T:40385.0(44.92%),B:38963.7(43.12%),P:1e-27	Tpos:498.4,Tstd:284.7,Bpos:502.0,Bstd:300.3,StrandBias:-0.1,Multiplicity:1.68
0.677	0.251	0.001	0.071
0.564	0.327	0.108	0.001
0.001	0.001	0.001	0.997
0.001	0.757	0.241	0.001
0.001	0.001	0.997	0.001
0.997	0.001	0.001	0.001
0.758	0.240	0.001	0.001
0.001	0.001	0.001	0.997
0.001	0.240	0.758	0.001
0.001	0.001	0.997	0.001
>TGAGAATGCT	16-TGAGAATGCT	10.296193	-60.119859	0	T:366.0(0.41%),B:200.0(0.22%),P:1e-26	Tpos:498.0,Tstd:280.3,Bpos:466.5,Bstd:301.9,StrandBias:1.2,Multiplicity:1.78
0.100	0.100	0.100	0.700
0.100	0.100	0.700	0.100
0.700	0.100	0.100	0.100
0.100	0.100	0.700	0.100
0.700	0.100	0.100	0.100
0.700	0.100	0.100	0.100
0.100	0.100	0.100	0.700
0.100	0.100	0.700	0.100
0.100	0.700	0.100	0.100
0.100	0.100	0.100	0.700
>GGAAATATCT	17-GGAAATATCT	10.296193	-59.584496	0	T:350.0(0.39%),B:188.2(0.21%),P:1e-25	Tpos:496.5,Tstd:291.6,Bpos:514.0,Bstd:292.0,StrandBias:-0.8,Multiplicity:1.29
0.100	0.100	0.700	0.100
0.100	0.100	0.700	0.100
0.700	0.100	0.100	0.100
0.700	0.100	0.100	0.100
0.700	0.100	0.100	0.100
0.100	0.100	0.100	0.700
0.700	0.100	0.100	0.100
0.100	0.100	0.100	0.700
0.100	0.700	0.100	0.100
0.100	0.100	0.100	0.700
>TATCCTATCC	18-TATCCTATCC	6.404373	-53.756029	0	T:40477.0(45.02%),B:39179.0(43.36%),P:1e-23	Tpos:500.9,Tstd:286.3,Bpos:501.4,Bstd:302.9,StrandBias:0.0,Multiplicity:1.45
0.100	0.100	0.100	0.700
0.700	0.100	0.100	0.100
0.100	0.100	0.100	0.700
0.100	0.700	0.100	0.100
0.100	0.700	0.100	0.100
0.100	0.100	0.100	0.700
0.700	0.100	0.100	0.100
0.100	0.100	0.100	0.700
0.100	0.700	0.100	0.100
0.100	0.700	0.100	0.100
>ACATCACAAA	19-ACATCACAAA	13.675733	-47.315774	0	T:343.0(0.38%),B:198.1(0.22%),P:1e-20	Tpos:502.9,Tstd:292.5,Bpos:495.2,Bstd:293.8,StrandBias:0.8,Multiplicity:1.40
0.997	0.001	0.001	0.001
0.001	0.997	0.001	0.001
0.997	0.001	0.001	0.001
0.001	0.001	0.001	0.997
0.001	0.997	0.001	0.001
0.852	0.001	0.146	0.001
0.001	0.997	0.001	0.001
0.997	0.001	0.001	0.001
0.997	0.001	0.001	0.001
0.997	0.001	0.001	0.001
>GBRCRGRGCD	20-GBRCRGRGCD	6.020495	-38.027352	0	T:5567.0(6.19%),B:5008.6(5.54%),P:1e-16	Tpos:504.4,Tstd:274.9,Bpos:500.2,Bstd:257.3,StrandBias:0.0,Multiplicity:1.69
0.251	0.146	0.424	0.179
0.038	0.350	0.270	0.342
0.316	0.079	0.421	0.184
0.280	0.479	0.025	0.215
0.368	0.028	0.512	0.092
0.040	0.042	0.869	0.049
0.400	0.175	0.316	0.109
0.047	0.032	0.876	0.045
0.236	0.532	0.044	0.188
0.216	0.199	0.365	0.220
>GATCAGTGCA	21-GATCAGTGCA	10.296193	-26.826213	0	T:195.0(0.22%),B:114.5(0.13%),P:1e-11	Tpos:490.1,Tstd:282.5,Bpos:503.4,Bstd:339.1,StrandBias:0.2,Multiplicity:2.90
0.100	0.100	0.700	0.100
0.700	0.100	0.100	0.100
0.100	0.100	0.100	0.700
0.100	0.700	0.100	0.100
0.700	0.100	0.100	0.100
0.100	0.100	0.700	0.100
0.100	0.100	0.100	0.700
0.100	0.100	0.700	0.100
0.100	0.700	0.100	0.100
0.700	0.100	0.100	0.100
>GGCTTGGCTG	22-GGCTTGGCTG	11.382494	-25.753062	0	T:967.0(1.08%),B:776.9(0.86%),P:1e-11	Tpos:501.3,Tstd:288.2,Bpos:481.3,Bstd:296.0,StrandBias:-0.2,Multiplicity:1.55
0.001	0.001	0.997	0.001
0.001	0.001	0.997	0.001
0.001	0.997	0.001	0.001
0.001	0.001	0.001	0.997
0.001	0.001	0.001	0.997
0.001	0.001	0.997	0.001
0.086	0.001	0.912	0.001
0.001	0.997	0.001	0.001
0.001	0.001	0.001	0.997
0.001	0.001	0.997	0.001
>TACATCACCT	23-TACATCACCT	10.296193	-19.998400	0	T:202.0(0.22%),B:130.7(0.14%),P:1e-8	Tpos:470.5,Tstd:281.9,Bpos:511.2,Bstd:304.4,StrandBias:-0.0,Multiplicity:2.14
0.100	0.100	0.100	0.700
0.700	0.100	0.100	0.100
0.100	0.700	0.100	0.100
0.700	0.100	0.100	0.100
0.100	0.100	0.100	0.700
0.100	0.700	0.100	0.100
0.700	0.100	0.100	0.100
0.100	0.700	0.100	0.100
0.100	0.700	0.100	0.100
0.100	0.100	0.100	0.700
>TAACCCTAAC	24-TAACCCTAAC	6.404373	-19.622436	0	T:38182.0(42.47%),B:37511.3(41.51%),P:1e-8	Tpos:498.1,Tstd:283.8,Bpos:499.9,Bstd:294.4,StrandBias:-0.0,Multiplicity:1.44
0.100	0.100	0.100	0.700
0.700	0.100	0.100	0.100
0.700	0.100	0.100	0.100
0.100	0.700	0.100	0.100
0.100	0.700	0.100	0.100
0.100	0.700	0.100	0.100
0.100	0.100	0.100	0.700
0.700	0.100	0.100	0.100
0.700	0.100	0.100	0.100
0.100	0.700	0.100	0.100
>CTCCCTCTCC	25-CTCCCTCTCC	10.296193	-15.924734	0	T:2177.0(2.42%),B:1957.8(2.17%),P:1e-6	Tpos:505.2,Tstd:282.3,Bpos:509.0,Bstd:294.5,StrandBias:0.1,Multiplicity:1.56
0.100	0.700	0.100	0.100
0.100	0.100	0.100	0.700
0.100	0.700	0.100	0.100
0.100	0.700	0.100	0.100
0.100	0.700	0.100	0.100
0.100	0.100	0.100	0.700
0.100	0.700	0.100	0.100
0.100	0.100	0.100	0.700
0.100	0.700	0.100	0.100
0.100	0.700	0.100	0.100
