>GCAKAGAS	1-GCAKAGAS	6.651507	-323.568285	0	T:61036.0(67.89%),B:57719.8(63.88%),P:1e-140	Tpos:498.8,Tstd:282.1,Bpos:498.3,Bstd:305.9,StrandBias:0.0,Multiplicity:1.43
0.001	0.188	0.652	0.159
0.002	0.845	0.151	0.002
0.861	0.001	0.001	0.137
0.001	0.001	0.490	0.508
0.997	0.001	0.001	0.001
0.001	0.001	0.997	0.001
0.684	0.313	0.001	0.002
0.127	0.453	0.419	0.001
>AGCACTGA	2-AGCACTGA	6.073300	-282.379214	0	T:54956.0(61.13%),B:51733.6(57.25%),P:1e-122	Tpos:499.4,Tstd:282.2,Bpos:501.6,Bstd:304.0,StrandBias:-0.0,Multiplicity:1.50
0.900	0.010	0.054	0.036
0.069	0.001	0.898	0.032
0.069	0.882	0.048	0.001
0.829	0.102	0.009	0.060
0.001	0.971	0.001	0.027
0.082	0.001	0.001	0.916
0.018	0.053	0.883	0.046
0.801	0.042	0.041	0.116
>CTGAGAGC	3-CTGAGAGC	6.813954	-264.746103	0	T:51975.0(57.81%),B:48818.5(54.03%),P:1e-114	Tpos:498.9,Tstd:282.5,Bpos:502.1,Bstd:305.0,StrandBias:0.0,Multiplicity:1.55
0.001	0.997	0.001	0.001
0.257	0.001	0.001	0.741
0.001	0.301	0.697	0.001
0.997	0.001	0.001	0.001
0.224	0.101	0.674	0.001
0.874	0.124	0.001	0.001
0.001	0.001	0.997	0.001
0.001	0.712	0.001	0.286
>TGCAAAGC	4-TGCAAAGC	6.291044	-249.147451	0	T:54896.0(61.06%),B:51889.8(57.43%),P:1e-108	Tpos:500.2,Tstd:285.4,Bpos:499.5,Bstd:301.9,StrandBias:0.0,Multiplicity:1.64
0.100	0.100	0.100	0.700
0.100	0.100	0.700	0.100
0.100	0.700	0.100	0.100
0.700	0.100	0.100	0.100
0.700	0.100	0.100	0.100
0.700	0.100	0.100	0.100
0.100	0.100	0.700	0.100
0.100	0.700	0.100	0.100
>GATGCATT	5-GATGCATT	6.266362	-239.907028	0	T:41935.0(46.65%),B:38898.0(43.05%),P:1e-104	Tpos:500.0,Tstd:291.0,Bpos:495.6,Bstd:301.4,StrandBias:-0.0,Multiplicity:1.35
0.212	0.132	0.442	0.214
0.507	0.030	0.321	0.142
0.334	0.094	0.001	0.571
0.001	0.001	0.997	0.001
0.001	0.800	0.001	0.198
0.756	0.173	0.070	0.001
0.001	0.001	0.001	0.997
0.001	0.315	0.096	0.588
>TGCAGAGT	6-TGCAGAGT	6.637914	-225.449748	0	T:44505.0(49.51%),B:41566.0(46.00%),P:1e-97	Tpos:500.3,Tstd:282.4,Bpos:498.9,Bstd:304.2,StrandBias:-0.0,Multiplicity:1.39
0.091	0.029	0.001	0.879
0.041	0.001	0.957	0.001
0.001	0.968	0.030	0.001
0.811	0.090	0.073	0.026
0.001	0.069	0.929	0.001
0.885	0.057	0.057	0.001
0.105	0.001	0.806	0.088
0.096	0.001	0.044	0.859
>NGCTTAGC	7-NGCTTAGC	4.852845	-220.441492	0	T:45201.0(50.28%),B:42298.7(46.81%),P:1e-95	Tpos:500.4,Tstd:284.7,Bpos:501.7,Bstd:299.3,StrandBias:0.0,Multiplicity:1.14
0.229	0.229	0.309	0.233
0.116	0.087	0.789	0.008
0.150	0.502	0.118	0.230
0.254	0.052	0.022	0.672
0.270	0.145	0.145	0.440
0.537	0.118	0.112	0.233
0.267	0.106	0.596	0.031
0.186	0.718	0.069	0.027
>TGCTTTCA	8-TGCTTTCA	6.679802	-213.677481	0	T:48998.0(54.50%),B:46164.8(51.09%),P:1e-92	Tpos:500.7,Tstd:289.2,Bpos:497.5,Bstd:301.5,StrandBias:-0.0,Multiplicity:1.31
0.040	0.014	0.001	0.945
0.001	0.001	0.997	0.001
0.093	0.853	0.001	0.053
0.092	0.154	0.046	0.708
0.001	0.036	0.001	0.962
0.059	0.061	0.065	0.815
0.025	0.851	0.054	0.070
0.864	0.061	0.032	0.043
>CAGCGCAG	9-CAGCGCAG	6.291044	-208.291105	0	T:53086.0(59.05%),B:50338.0(55.71%),P:1e-90	Tpos:499.8,Tstd:278.9,Bpos:499.9,Bstd:301.0,StrandBias:-0.0,Multiplicity:1.80
0.100	0.700	0.100	0.100
0.700	0.100	0.100	0.100
0.100	0.100	0.700	0.100
0.100	0.700	0.100	0.100
0.100	0.100	0.700	0.100
0.100	0.700	0.100	0.100
0.700	0.100	0.100	0.100
0.100	0.100	0.700	0.100
>TTCCACGG	10-TTCCACGG	5.458750	-202.781672	0	T:53286.0(59.27%),B:50582.3(55.98%),P:1e-88	Tpos:502.0,Tstd:285.3,Bpos:499.8,Bstd:301.1,StrandBias:-0.0,Multiplicity:1.46
0.130	0.093	0.103	0.674
0.055	0.067	0.029	0.849
0.068	0.736	0.088	0.108
0.114	0.748	0.034	0.104
0.863	0.032	0.036	0.069
0.175	0.643	0.097	0.085
0.111	0.119	0.736	0.034
0.060	0.116	0.751	0.073
>TACACTGT	11-TACACTGT	5.911898	-200.111730	0	T:44730.0(49.76%),B:41976.9(46.46%),P:1e-86	Tpos:500.5,Tstd:283.5,Bpos:498.2,Bstd:304.5,StrandBias:-0.0,Multiplicity:1.42
0.040	0.178	0.001	0.781
0.898	0.059	0.042	0.001
0.038	0.846	0.064	0.052
0.949	0.043	0.007	0.001
0.027	0.854	0.086	0.033
0.043	0.030	0.018	0.909
0.001	0.039	0.959	0.001
0.059	0.029	0.060	0.852
>CGGGAGAG	12-CGGGAGAG	6.802517	-194.120682	0	T:51144.0(56.89%),B:48478.2(53.65%),P:1e-84	Tpos:500.2,Tstd:282.0,Bpos:501.3,Bstd:303.8,StrandBias:-0.0,Multiplicity:1.74
0.226	0.512	0.116	0.146
0.148	0.039	0.812	0.001
0.001	0.001	0.975	0.023
0.001	0.028	0.970	0.001
0.997	0.001	0.001	0.001
0.001	0.045	0.925	0.029
0.920	0.001	0.078	0.001
0.001	0.001	0.997	0.001
>CTGTCCTA	13-CTGTCCTA	6.709273	-190.546508	0	T:38348.0(42.66%),B:35684.8(39.49%),P:1e-82	Tpos:500.4,Tstd:282.2,Bpos:503.3,Bstd:306.1,StrandBias:0.0,Multiplicity:1.31
0.039	0.779	0.028	0.154
0.088	0.006	0.030	0.876
0.080	0.001	0.918	0.001
0.001	0.001	0.001	0.997
0.001	0.895	0.015	0.089
0.001	0.974	0.024	0.001
0.048	0.001	0.001	0.950
0.673	0.069	0.157	0.101
>GCTCTAAG	14-GCTCTAAG	5.589488	-185.943274	0	T:44018.0(48.96%),B:41372.8(45.79%),P:1e-80	Tpos:499.7,Tstd:283.5,Bpos:499.9,Bstd:303.7,StrandBias:-0.0,Multiplicity:1.41
0.061	0.037	0.839	0.063
0.001	0.902	0.034	0.063
0.001	0.037	0.026	0.936
0.016	0.952	0.031	0.001
0.035	0.111	0.001	0.853
0.948	0.001	0.001	0.050
0.815	0.009	0.083	0.093
0.097	0.001	0.832	0.070
>TCATTTGC	15-TCATTTGC	7.083926	-185.203379	0	T:30347.0(33.76%),B:27829.8(30.80%),P:1e-80	Tpos:500.4,Tstd:291.5,Bpos:498.9,Bstd:300.6,StrandBias:0.0,Multiplicity:1.24
0.039	0.082	0.050	0.829
0.054	0.875	0.001	0.070
0.901	0.040	0.024	0.035
0.045	0.051	0.001	0.903
0.001	0.001	0.035	0.963
0.063	0.036	0.001	0.900
0.001	0.122	0.876	0.001
0.001	0.815	0.047	0.137
>GCTCMKYM	16-GCTCMKYM	7.667727	-183.064494	0	T:37968.0(42.23%),B:35364.4(39.14%),P:1e-79	Tpos:501.3,Tstd:281.4,Bpos:503.4,Bstd:302.2,StrandBias:0.0,Multiplicity:1.33
0.001	0.001	0.770	0.228
0.001	0.997	0.001	0.001
0.001	0.001	0.001	0.997
0.001	0.997	0.001	0.001
0.515	0.483	0.001	0.001
0.187	0.001	0.395	0.417
0.001	0.452	0.001	0.546
0.533	0.465	0.001	0.001
>TCTGTGAA	17-TCTGTGAA	6.603001	-159.657938	0	T:54694.0(60.84%),B:52354.1(57.94%),P:1e-69	Tpos:499.5,Tstd:286.3,Bpos:499.7,Bstd:305.2,StrandBias:0.0,Multiplicity:1.49
0.045	0.060	0.045	0.850
0.001	0.951	0.001	0.047
0.039	0.001	0.014	0.946
0.001	0.046	0.952	0.001
0.139	0.035	0.081	0.745
0.001	0.001	0.965	0.033
0.777	0.071	0.032	0.120
0.809	0.055	0.075	0.061
>TGAACGGT	18-TGAACGGT	5.071576	-152.063747	0	T:45213.0(50.29%),B:42849.4(47.42%),P:1e-66	Tpos:499.4,Tstd:284.8,Bpos:499.4,Bstd:300.1,StrandBias:-0.0,Multiplicity:1.34
0.182	0.035	0.001	0.782
0.099	0.199	0.577	0.125
0.585	0.155	0.212	0.048
0.501	0.200	0.291	0.008
0.159	0.662	0.056	0.123
0.042	0.365	0.522	0.071
0.007	0.108	0.599	0.286
0.019	0.153	0.001	0.827
>TAAATCGC	19-TAAATCGC	5.167460	-112.428900	0	T:32076.0(35.68%),B:30131.5(33.35%),P:1e-48	Tpos:499.5,Tstd:291.2,Bpos:501.1,Bstd:292.5,StrandBias:0.0,Multiplicity:1.22
0.115	0.140	0.066	0.679
0.782	0.131	0.023	0.064
0.766	0.075	0.020	0.139
0.813	0.075	0.060	0.052
0.122	0.121	0.097	0.660
0.075	0.776	0.116	0.033
0.044	0.112	0.774	0.070
0.056	0.753	0.118	0.073
>AGAGTGTT	20-AGAGTGTT	8.459460	-82.327395	0	T:8880.0(9.88%),B:7838.4(8.68%),P:1e-35	Tpos:493.0,Tstd:284.3,Bpos:498.6,Bstd:303.6,StrandBias:0.0,Multiplicity:1.11
0.997	0.001	0.001	0.001
0.001	0.001	0.997	0.001
0.906	0.092	0.001	0.001
0.001	0.001	0.997	0.001
0.001	0.001	0.001	0.997
0.001	0.001	0.997	0.001
0.001	0.001	0.001	0.997
0.001	0.001	0.201	0.797
>GTACACCC	21-GTACACCC	1.227108	-76.374333	0	T:39868.0(44.35%),B:38268.5(42.35%),P:1e-33	Tpos:502.0,Tstd:281.8,Bpos:499.8,Bstd:301.6,StrandBias:-0.0,Multiplicity:1.41
0.001	0.001	0.997	0.001
0.001	0.001	0.001	0.997
0.997	0.001	0.001	0.001
0.001	0.997	0.001	0.001
0.997	0.001	0.001	0.001
0.001	0.997	0.001	0.001
0.001	0.997	0.001	0.001
0.001	0.945	0.053	0.001
>ATAACATC	22-ATAACATC	5.563073	-72.168223	0	T:42916.0(47.74%),B:41371.5(45.79%),P:1e-31	Tpos:500.0,Tstd:292.9,Bpos:499.2,Bstd:300.3,StrandBias:-0.0,Multiplicity:1.44
0.587	0.070	0.245	0.098
0.063	0.068	0.106	0.763
0.697	0.036	0.136	0.131
0.756	0.040	0.107	0.097
0.054	0.744	0.050	0.152
0.822	0.069	0.055	0.054
0.049	0.081	0.052	0.818
0.065	0.815	0.047	0.073
>TAACCCTA	23-TAACCCTA	6.291044	-24.193944	0	T:32625.0(36.29%),B:31847.1(35.25%),P:1e-10	Tpos:498.2,Tstd:284.9,Bpos:499.0,Bstd:296.5,StrandBias:-0.0,Multiplicity:1.36
0.100	0.100	0.100	0.700
0.700	0.100	0.100	0.100
0.700	0.100	0.100	0.100
0.100	0.700	0.100	0.100
0.100	0.700	0.100	0.100
0.100	0.700	0.100	0.100
0.100	0.100	0.100	0.700
0.700	0.100	0.100	0.100
>AATGGAAT	24-AATGGAAT	4.125831	-20.771938	0	T:51197.0(56.95%),B:50559.7(55.96%),P:1e-9	Tpos:499.2,Tstd:292.5,Bpos:497.0,Bstd:299.0,StrandBias:-0.1,Multiplicity:1.87
0.997	0.001	0.001	0.001
0.997	0.001	0.001	0.001
0.001	0.001	0.001	0.997
0.001	0.036	0.962	0.001
0.001	0.001	0.997	0.001
0.997	0.001	0.001	0.001
0.997	0.001	0.001	0.001
0.001	0.001	0.001	0.997
>CGGGGCRG	25-CGGGGCRG	8.286159	-20.392322	0	T:12882.0(14.33%),B:12328.2(13.64%),P:1e-8	Tpos:503.0,Tstd:278.3,Bpos:504.0,Bstd:268.6,StrandBias:0.0,Multiplicity:1.80
0.001	0.997	0.001	0.001
0.001	0.394	0.604	0.001
0.001	0.113	0.885	0.001
0.001	0.001	0.997	0.001
0.001	0.001	0.997	0.001
0.001	0.997	0.001	0.001
0.291	0.214	0.380	0.115
0.001	0.001	0.997	0.001
