>ACACAHCACACA	24-ACACAHCACACA,BestGuess:FOXH1/MA0479.1/Jaspar(0.582)	9.076917	-134.068617	0	T:3798.0(4.31%),B:2883.8(3.30%),P:1e-58
0.675	0.051	0.227	0.047
0.026	0.674	0.025	0.275
0.813	0.001	0.014	0.172
0.009	0.735	0.042	0.214
0.614	0.219	0.059	0.108
0.293	0.384	0.068	0.255
0.278	0.482	0.007	0.233
0.477	0.227	0.100	0.196
0.022	0.741	0.026	0.211
0.892	0.030	0.063	0.015
0.127	0.610	0.053	0.210
0.726	0.146	0.055	0.073
