>TGTGAATGCGTG	23-CACGCATTCACA	8.968799	-149.320185	0	T:6486.0(7.36%),B:5210.1(5.96%),P:1e-64
0.076	0.059	0.071	0.794
0.070	0.072	0.796	0.062
0.098	0.037	0.078	0.787
0.071	0.057	0.823	0.049
0.640	0.132	0.072	0.156
0.698	0.091	0.144	0.067
0.089	0.056	0.074	0.781
0.087	0.064	0.775	0.074
0.108	0.620	0.083	0.189
0.142	0.093	0.673	0.092
0.077	0.042	0.067	0.814
0.061	0.073	0.801	0.065
