>SATTCCATTCSA	7-SATTCCATTCSA	11.594695	-470.360748	0	T:450.0(0.51%),B:68.1(0.08%),P:1e-204
0.063	0.484	0.392	0.061
0.667	0.028	0.173	0.132
0.063	0.112	0.111	0.714
0.049	0.022	0.015	0.914
0.084	0.734	0.108	0.074
0.109	0.640	0.214	0.037
0.776	0.020	0.110	0.094
0.099	0.163	0.060	0.678
0.016	0.034	0.019	0.931
0.071	0.663	0.164	0.102
0.165	0.440	0.356	0.039
0.698	0.020	0.202	0.080
