>ATSGAATSGAAT	17-ATSGAATSGAAT	8.549604	-321.020348	0	T:541.0(0.61%),B:144.2(0.16%),P:1e-139
0.457	0.155	0.244	0.144
0.134	0.171	0.089	0.606
0.114	0.367	0.379	0.141
0.166	0.150	0.580	0.104
0.732	0.100	0.075	0.093
0.602	0.125	0.151	0.122
0.111	0.154	0.087	0.648
0.097	0.339	0.433	0.131
0.130	0.169	0.591	0.110
0.699	0.084	0.093	0.124
0.550	0.187	0.133	0.130
0.156	0.180	0.106	0.558
