>GATGATGATGAT	25-GATGATGATGAT,BestGuess:PH0017.1_Cux1_2/Jaspar(0.673)	8.184624	-84.743397	0	T:10225.0(11.61%),B:8993.5(10.28%),P:1e-36
0.103	0.041	0.781	0.075
0.531	0.021	0.352	0.096
0.028	0.081	0.001	0.890
0.174	0.030	0.792	0.004
0.633	0.025	0.323	0.019
0.021	0.052	0.037	0.890
0.192	0.022	0.766	0.020
0.621	0.008	0.346	0.025
0.032	0.063	0.036	0.869
0.184	0.009	0.773	0.034
0.614	0.022	0.325	0.039
0.036	0.059	0.012	0.893
