>CATTCCATTCSA	6-CATTCCATTCSA	11.105317	-493.246415	0	T:462.0(0.52%),B:68.2(0.08%),P:1e-214
0.039	0.537	0.358	0.066
0.697	0.021	0.194	0.088
0.108	0.037	0.112	0.743
0.043	0.035	0.014	0.908
0.047	0.770	0.089	0.094
0.075	0.532	0.355	0.038
0.825	0.011	0.095	0.069
0.118	0.086	0.070	0.726
0.024	0.008	0.021	0.947
0.090	0.691	0.162	0.057
0.048	0.437	0.428	0.087
0.821	0.001	0.118	0.060
