>TGTGTGDTGTGT	24-ACACAHCACACA	9.076917	-134.068617	0	T:3798.0(4.31%),B:2883.8(3.30%),P:1e-58
0.073	0.055	0.146	0.726
0.210	0.053	0.610	0.127
0.015	0.063	0.030	0.892
0.211	0.026	0.741	0.022
0.196	0.100	0.227	0.477
0.233	0.007	0.482	0.278
0.255	0.068	0.384	0.293
0.108	0.059	0.219	0.614
0.214	0.042	0.735	0.009
0.172	0.014	0.001	0.813
0.275	0.025	0.674	0.026
0.047	0.227	0.051	0.675
