>GAATSGAATGGA	5-GAATSGAATGGA	11.577845	-504.694210	0	T:471.0(0.53%),B:69.3(0.08%),P:1e-219
0.087	0.056	0.685	0.172
0.773	0.171	0.022	0.034
0.742	0.079	0.125	0.054
0.057	0.086	0.026	0.831
0.041	0.400	0.422	0.137
0.111	0.082	0.740	0.067
0.905	0.033	0.030	0.032
0.742	0.126	0.076	0.056
0.052	0.064	0.032	0.852
0.054	0.192	0.679	0.075
0.072	0.118	0.748	0.062
0.902	0.033	0.031	0.034
