>ATTCCATTCSAT	17-ATTCCATTCSAT	11.771862	-282.307943	0	T:572.0(0.65%),B:175.2(0.20%),P:1e-122
0.803	0.007	0.126	0.064
0.035	0.058	0.166	0.741
0.023	0.007	0.001	0.969
0.001	0.923	0.028	0.048
0.034	0.910	0.001	0.055
0.744	0.001	0.156	0.099
0.065	0.111	0.001	0.823
0.026	0.001	0.017	0.956
0.038	0.811	0.048	0.103
0.064	0.422	0.443	0.071
0.790	0.008	0.172	0.030
0.019	0.001	0.233	0.747
