>GATTCCRTTCGA	19-GATTCCRTTCGA	10.179029	-274.187041	0	T:610.0(0.69%),B:199.9(0.23%),P:1e-119
0.081	0.193	0.640	0.086
0.816	0.061	0.048	0.075
0.046	0.045	0.101	0.808
0.029	0.040	0.048	0.883
0.044	0.796	0.082	0.078
0.073	0.791	0.034	0.102
0.380	0.076	0.439	0.106
0.042	0.053	0.028	0.877
0.039	0.044	0.047	0.870
0.085	0.670	0.091	0.154
0.135	0.160	0.602	0.103
0.811	0.045	0.063	0.081
