>TTCSATTCCATT	8-TTCSATTCCATT	9.577493	-440.241032	0	T:492.0(0.56%),B:89.3(0.10%),P:1e-191
0.099	0.114	0.292	0.496
0.150	0.046	0.080	0.724
0.054	0.562	0.185	0.199
0.082	0.447	0.400	0.071
0.681	0.053	0.175	0.091
0.104	0.120	0.246	0.530
0.041	0.042	0.081	0.836
0.089	0.628	0.137	0.146
0.151	0.477	0.287	0.085
0.624	0.036	0.210	0.130
0.068	0.197	0.213	0.522
0.016	0.022	0.182	0.780
