>TCSATTCSATTC	11-TCSATTCSATTC	8.656903	-358.965913	0	T:484.0(0.55%),B:106.7(0.12%),P:1e-155
0.262	0.096	0.090	0.552
0.119	0.543	0.153	0.185
0.082	0.397	0.451	0.070
0.619	0.087	0.169	0.125
0.161	0.157	0.169	0.513
0.078	0.061	0.099	0.762
0.134	0.499	0.208	0.159
0.110	0.462	0.321	0.106
0.611	0.086	0.174	0.129
0.172	0.182	0.093	0.553
0.080	0.094	0.091	0.735
0.124	0.505	0.188	0.183
