>AATSGAATGGAA	5-AATSGAATGGAA	8.842716	-520.204474	0	T:476.0(0.54%),B:68.6(0.08%),P:1e-225
0.566	0.212	0.100	0.122
0.509	0.218	0.169	0.104
0.101	0.209	0.071	0.619
0.085	0.377	0.355	0.183
0.168	0.146	0.572	0.114
0.714	0.097	0.111	0.078
0.491	0.162	0.223	0.124
0.137	0.117	0.067	0.679
0.086	0.248	0.518	0.148
0.142	0.192	0.554	0.112
0.744	0.091	0.071	0.094
0.435	0.238	0.152	0.175
