>ATCATCATCATC	25-GATGATGATGAT	8.184624	-84.743397	0	T:10225.0(11.61%),B:8993.5(10.28%),P:1e-36
0.893	0.012	0.059	0.036
0.039	0.325	0.022	0.614
0.034	0.773	0.009	0.184
0.869	0.036	0.063	0.032
0.025	0.346	0.008	0.621
0.020	0.766	0.022	0.192
0.890	0.037	0.052	0.021
0.019	0.323	0.025	0.633
0.004	0.792	0.030	0.174
0.890	0.001	0.081	0.028
0.096	0.352	0.021	0.531
0.075	0.781	0.041	0.103
