>TTCAAAACTGCT	14-AGCAGTTTTGAA	13.781606	-392.542502	0	T:275.0(0.31%),B:27.6(0.03%),P:1e-170
0.023	0.006	0.211	0.760
0.006	0.001	0.097	0.896
0.001	0.967	0.017	0.015
0.884	0.004	0.111	0.001
0.538	0.227	0.001	0.234
0.797	0.104	0.058	0.041
0.665	0.328	0.001	0.006
0.052	0.935	0.012	0.001
0.012	0.252	0.233	0.503
0.005	0.006	0.972	0.017
0.001	0.960	0.006	0.033
0.001	0.001	0.207	0.791
