>TCGTTCGAAACG	5-CGTTTCGAACGA	10.857574	-245.996122	0	T:58.0(0.48%),B:0.8(0.00%),P:1e-106
0.082	0.088	0.118	0.712
0.071	0.747	0.106	0.076
0.071	0.094	0.717	0.118
0.046	0.081	0.082	0.791
0.046	0.076	0.092	0.786
0.081	0.692	0.127	0.100
0.095	0.105	0.717	0.083
0.796	0.069	0.085	0.050
0.803	0.070	0.089	0.038
0.779	0.078	0.083	0.060
0.098	0.736	0.093	0.073
0.095	0.095	0.725	0.085
