>GAATGGAATGGA	14-GAATGGAATGGA	10.148623	-120.764683	0	T:134.0(1.12%),B:76.5(0.21%),P:1e-52
0.121	0.115	0.656	0.108
0.871	0.051	0.058	0.020
0.488	0.161	0.263	0.088
0.088	0.117	0.001	0.794
0.117	0.191	0.491	0.200
0.106	0.090	0.671	0.133
0.972	0.007	0.003	0.018
0.531	0.182	0.198	0.089
0.131	0.128	0.006	0.735
0.109	0.272	0.518	0.101
0.127	0.157	0.580	0.136
0.874	0.052	0.001	0.073
