>CGTTTCGAACGA	5-CGTTTCGAACGA,BestGuess:CENPB/MA0637.1/Jaspar(0.610)	10.857574	-245.996122	0	T:58.0(0.48%),B:0.8(0.00%),P:1e-106
0.085	0.725	0.095	0.095
0.073	0.093	0.736	0.098
0.060	0.083	0.078	0.779
0.038	0.089	0.070	0.803
0.050	0.085	0.069	0.796
0.083	0.717	0.105	0.095
0.100	0.127	0.692	0.081
0.786	0.092	0.076	0.046
0.791	0.082	0.081	0.046
0.118	0.717	0.094	0.071
0.076	0.106	0.747	0.071
0.712	0.118	0.088	0.082
