>GAATGGAATGGA	13-GAATGGAATGGA	11.411482	-123.935039	0	T:128.0(1.07%),B:67.7(0.18%),P:1e-53
0.093	0.075	0.617	0.215
0.812	0.064	0.013	0.111
0.509	0.108	0.335	0.048
0.060	0.036	0.001	0.903
0.082	0.132	0.633	0.153
0.037	0.037	0.711	0.215
0.942	0.027	0.001	0.030
0.577	0.098	0.242	0.083
0.056	0.058	0.007	0.879
0.085	0.126	0.719	0.070
0.067	0.164	0.588	0.181
0.932	0.011	0.001	0.056
