>ATTCCATTCCAT	1-ATTCCATTCCAT,BestGuess:TEAD3(TEA)/HepG2-TEAD3-ChIP-Seq(Encode)/Homer(0.681)	10.175526	-342.010205	0	T:115.0(0.96%),B:7.8(0.02%),P:1e-148
0.765	0.035	0.098	0.102
0.071	0.219	0.227	0.484
0.092	0.063	0.050	0.795
0.151	0.529	0.181	0.139
0.100	0.486	0.293	0.121
0.782	0.036	0.104	0.078
0.140	0.212	0.181	0.467
0.062	0.037	0.057	0.844
0.179	0.567	0.143	0.111
0.108	0.558	0.259	0.075
0.702	0.042	0.126	0.130
0.133	0.259	0.107	0.501
