>CTGCACTGATCA	7-TGATCAGTGCAG	10.294140	-199.965831	0	T:49.0(0.41%),B:1.9(0.01%),P:1e-86
0.132	0.648	0.117	0.103
0.095	0.114	0.110	0.681
0.167	0.098	0.627	0.108
0.110	0.616	0.129	0.145
0.705	0.088	0.102	0.105
0.142	0.655	0.103	0.100
0.103	0.128	0.104	0.665
0.115	0.121	0.648	0.116
0.701	0.091	0.098	0.110
0.130	0.100	0.080	0.690
0.150	0.649	0.088	0.113
0.716	0.094	0.100	0.090
