>AATGGAATGGAA	20-AATGGAATGGAA	9.991652	-40.962151	0	T:257.0(2.14%),B:436.4(1.18%),P:1e-17
0.952	0.005	0.032	0.011
0.612	0.076	0.247	0.065
0.056	0.062	0.001	0.881
0.126	0.089	0.572	0.213
0.039	0.058	0.781	0.122
0.979	0.011	0.009	0.001
0.602	0.176	0.136	0.086
0.078	0.028	0.004	0.890
0.076	0.198	0.618	0.108
0.112	0.172	0.670	0.046
0.968	0.029	0.002	0.001
0.700	0.137	0.096	0.067
