>CTYTGTGM	1-CTYTGTGM	6.717786	-537.829139	0	T:52916.0(60.08%),B:47785.2(54.63%),P:1e-233	Tpos:498.7,Tstd:276.1,Bpos:500.4,Bstd:300.2,StrandBias:0.0,Multiplicity:1.62
0.144	0.854	0.001	0.001
0.001	0.079	0.082	0.838
0.083	0.430	0.205	0.282
0.001	0.371	0.001	0.627
0.115	0.256	0.586	0.043
0.029	0.101	0.001	0.869
0.037	0.001	0.961	0.001
0.481	0.517	0.001	0.001
>AAATGCTC	2-AAATGCTC	2.664572	-412.257395	0	T:50553.0(57.40%),B:46016.2(52.61%),P:1e-179	Tpos:499.5,Tstd:277.5,Bpos:500.7,Bstd:300.2,StrandBias:-0.0,Multiplicity:1.53
0.702	0.001	0.296	0.001
0.668	0.153	0.001	0.178
0.629	0.007	0.363	0.001
0.001	0.295	0.001	0.703
0.001	0.001	0.997	0.001
0.001	0.997	0.001	0.001
0.001	0.001	0.001	0.997
0.001	0.997	0.001	0.001
>TGCTCCGH	3-TGCTCCGH	4.257369	-406.855531	0	T:39278.0(44.60%),B:34892.8(39.89%),P:1e-176	Tpos:498.4,Tstd:277.6,Bpos:500.5,Bstd:300.0,StrandBias:0.0,Multiplicity:1.27
0.182	0.200	0.155	0.463
0.020	0.197	0.577	0.206
0.145	0.632	0.020	0.203
0.213	0.131	0.047	0.609
0.153	0.435	0.209	0.203
0.169	0.497	0.146	0.188
0.143	0.225	0.454	0.178
0.339	0.229	0.154	0.278
>DGACRGCA	4-DGACRGCA	5.937297	-398.070046	0	T:51483.0(58.46%),B:47022.6(53.76%),P:1e-172	Tpos:501.1,Tstd:276.8,Bpos:498.0,Bstd:299.6,StrandBias:0.0,Multiplicity:1.36
0.248	0.005	0.359	0.388
0.043	0.031	0.656	0.270
0.805	0.126	0.001	0.068
0.301	0.617	0.059	0.023
0.400	0.079	0.389	0.132
0.070	0.001	0.860	0.069
0.145	0.771	0.001	0.083
0.553	0.292	0.096	0.059
>CAAATCCG	5-CAAATCCG	4.956694	-394.368661	0	T:46339.0(52.62%),B:41909.4(47.91%),P:1e-171	Tpos:498.9,Tstd:283.4,Bpos:498.7,Bstd:295.8,StrandBias:-0.0,Multiplicity:1.35
0.035	0.665	0.100	0.200
0.825	0.033	0.087	0.055
0.685	0.114	0.070	0.131
0.680	0.199	0.057	0.064
0.114	0.051	0.107	0.728
0.101	0.518	0.293	0.088
0.136	0.796	0.041	0.027
0.082	0.014	0.810	0.094
>GWCAATGC	6-GWCAATGC	5.056764	-382.943136	0	T:38244.0(43.43%),B:34005.6(38.88%),P:1e-166	Tpos:499.3,Tstd:277.9,Bpos:500.8,Bstd:302.7,StrandBias:-0.0,Multiplicity:1.28
0.188	0.043	0.543	0.226
0.425	0.214	0.055	0.307
0.239	0.446	0.167	0.149
0.562	0.048	0.369	0.021
0.446	0.068	0.260	0.226
0.034	0.272	0.005	0.689
0.025	0.001	0.623	0.351
0.272	0.659	0.022	0.047
>TACGTGCT	7-TACGTGCT	5.197419	-379.257074	0	T:44314.0(50.32%),B:39984.7(45.71%),P:1e-164	Tpos:498.5,Tstd:276.6,Bpos:495.6,Bstd:300.2,StrandBias:-0.0,Multiplicity:1.32
0.100	0.110	0.105	0.685
0.690	0.128	0.118	0.064
0.085	0.802	0.043	0.070
0.087	0.109	0.676	0.128
0.041	0.052	0.061	0.846
0.092	0.081	0.768	0.059
0.063	0.757	0.071	0.109
0.118	0.080	0.024	0.778
>DNCGRTGA	8-DNCGRTGA	4.559336	-369.441120	0	T:48809.0(55.42%),B:44500.4(50.87%),P:1e-160	Tpos:503.4,Tstd:277.5,Bpos:501.4,Bstd:299.5,StrandBias:-0.0,Multiplicity:1.34
0.260	0.081	0.377	0.282
0.201	0.275	0.245	0.278
0.092	0.581	0.326	0.001
0.340	0.080	0.579	0.001
0.413	0.001	0.360	0.227
0.001	0.065	0.247	0.687
0.229	0.001	0.697	0.073
0.514	0.175	0.030	0.281
>GATKCTRC	9-GATKCTRC	3.152196	-366.110995	0	T:35246.0(40.02%),B:31177.1(35.64%),P:1e-158	Tpos:501.8,Tstd:280.7,Bpos:500.9,Bstd:300.1,StrandBias:-0.0,Multiplicity:1.23
0.001	0.001	0.997	0.001
0.997	0.001	0.001	0.001
0.001	0.001	0.001	0.997
0.004	0.001	0.537	0.458
0.001	0.997	0.001	0.001
0.001	0.009	0.298	0.692
0.454	0.001	0.544	0.001
0.193	0.805	0.001	0.001
>TAAGATGC	10-TAAGATGC	5.578117	-358.057164	0	T:50900.0(57.80%),B:46653.7(53.34%),P:1e-155	Tpos:499.0,Tstd:279.7,Bpos:500.3,Bstd:300.8,StrandBias:-0.0,Multiplicity:1.45
0.065	0.053	0.001	0.881
0.746	0.077	0.154	0.023
0.807	0.001	0.057	0.135
0.046	0.094	0.836	0.024
0.934	0.032	0.015	0.019
0.045	0.013	0.022	0.920
0.001	0.014	0.984	0.001
0.050	0.948	0.001	0.001
>TGCAAAGC	11-TGCAAAGC	6.490855	-343.221847	0	T:41390.0(47.00%),B:37299.6(42.64%),P:1e-149	Tpos:498.9,Tstd:280.3,Bpos:498.5,Bstd:299.3,StrandBias:0.0,Multiplicity:1.35
0.059	0.060	0.134	0.747
0.001	0.104	0.894	0.001
0.110	0.711	0.098	0.081
0.596	0.144	0.069	0.191
0.892	0.001	0.106	0.001
0.788	0.001	0.001	0.210
0.097	0.227	0.675	0.001
0.083	0.695	0.053	0.169
>GGACAGCT	12-GGACAGCT	6.563112	-337.580649	0	T:34593.0(39.28%),B:30695.6(35.09%),P:1e-146	Tpos:501.6,Tstd:273.4,Bpos:501.7,Bstd:301.6,StrandBias:0.0,Multiplicity:1.33
0.115	0.099	0.785	0.001
0.001	0.077	0.921	0.001
0.917	0.001	0.034	0.048
0.001	0.918	0.080	0.001
0.938	0.027	0.034	0.001
0.015	0.075	0.831	0.079
0.001	0.927	0.071	0.001
0.051	0.072	0.023	0.854
>ASGGAGAG	13-ASGGAGAG	6.497669	-331.684057	0	T:50184.0(56.98%),B:46085.9(52.69%),P:1e-144	Tpos:501.8,Tstd:280.9,Bpos:500.7,Bstd:296.0,StrandBias:0.0,Multiplicity:1.54
0.455	0.248	0.001	0.296
0.171	0.366	0.462	0.001
0.001	0.083	0.915	0.001
0.001	0.001	0.997	0.001
0.893	0.001	0.065	0.041
0.175	0.001	0.823	0.001
0.945	0.001	0.053	0.001
0.001	0.001	0.966	0.032
>TCGGTCCT	14-TCGGTCCT	4.959097	-328.931267	0	T:56814.0(64.51%),B:52778.1(60.34%),P:1e-142	Tpos:498.6,Tstd:278.6,Bpos:501.3,Bstd:298.1,StrandBias:0.0,Multiplicity:1.64
0.124	0.120	0.076	0.680
0.042	0.859	0.031	0.068
0.105	0.093	0.716	0.086
0.066	0.110	0.704	0.120
0.086	0.067	0.037	0.810
0.046	0.708	0.128	0.118
0.120	0.737	0.060	0.083
0.077	0.080	0.054	0.789
>GGGAACGA	15-GGGAACGA	5.998226	-317.360493	0	T:39677.0(45.05%),B:35764.6(40.89%),P:1e-137	Tpos:499.8,Tstd:279.2,Bpos:499.4,Bstd:299.1,StrandBias:-0.0,Multiplicity:1.27
0.033	0.029	0.858	0.080
0.113	0.056	0.741	0.090
0.155	0.098	0.666	0.081
0.733	0.076	0.132	0.059
0.858	0.044	0.074	0.024
0.111	0.569	0.084	0.236
0.135	0.079	0.751	0.035
0.823	0.046	0.054	0.077
>CATCGTCA	16-CATCGTCA	4.644411	-302.621002	0	T:46655.0(52.98%),B:42738.1(48.86%),P:1e-131	Tpos:500.2,Tstd:273.2,Bpos:501.5,Bstd:303.3,StrandBias:-0.0,Multiplicity:1.40
0.116	0.698	0.101	0.085
0.634	0.109	0.143	0.114
0.111	0.171	0.119	0.599
0.062	0.716	0.078	0.144
0.145	0.144	0.576	0.135
0.121	0.111	0.197	0.571
0.096	0.687	0.096	0.121
0.518	0.132	0.203	0.147
>CYGTTTCC	17-CYGTTTCC	5.763118	-286.835747	0	T:47228.0(53.63%),B:43404.4(49.62%),P:1e-124	Tpos:498.8,Tstd:278.9,Bpos:499.3,Bstd:296.7,StrandBias:-0.0,Multiplicity:1.46
0.010	0.567	0.360	0.063
0.117	0.446	0.110	0.327
0.144	0.115	0.609	0.132
0.130	0.016	0.015	0.839
0.070	0.019	0.157	0.754
0.012	0.050	0.158	0.780
0.059	0.626	0.218	0.097
0.329	0.589	0.059	0.023
>ATGCAAGG	18-ATGCAAGG	5.447284	-267.048315	0	T:45285.0(51.42%),B:41600.0(47.56%),P:1e-115	Tpos:501.9,Tstd:276.8,Bpos:499.6,Bstd:300.4,StrandBias:-0.0,Multiplicity:1.32
0.524	0.178	0.093	0.205
0.169	0.118	0.162	0.551
0.031	0.144	0.801	0.024
0.245	0.502	0.127	0.126
0.739	0.199	0.058	0.004
0.609	0.098	0.184	0.109
0.053	0.200	0.548	0.199
0.170	0.077	0.697	0.056
>BTTCGCAN	19-BTTCGCAN	3.966950	-251.484889	0	T:39663.0(45.04%),B:36152.6(41.33%),P:1e-109	Tpos:499.9,Tstd:277.1,Bpos:499.1,Bstd:301.3,StrandBias:0.0,Multiplicity:1.29
0.185	0.362	0.227	0.226
0.153	0.173	0.160	0.514
0.144	0.162	0.143	0.551
0.127	0.562	0.148	0.163
0.194	0.150	0.495	0.161
0.109	0.638	0.147	0.106
0.546	0.125	0.155	0.174
0.207	0.256	0.206	0.331
>CGCATACA	20-CGCATACA	5.943598	-228.435524	0	T:40211.0(45.66%),B:36844.6(42.12%),P:1e-99	Tpos:500.1,Tstd:267.6,Bpos:501.0,Bstd:332.7,StrandBias:-0.1,Multiplicity:2.17
0.066	0.642	0.012	0.280
0.191	0.039	0.688	0.082
0.037	0.867	0.038	0.058
0.812	0.010	0.095	0.083
0.068	0.295	0.082	0.555
0.673	0.017	0.156	0.154
0.047	0.859	0.057	0.037
0.905	0.038	0.032	0.025
>GTGTGTGT	21-GTGTGTGT	5.592328	-177.445948	0	T:52409.0(59.51%),B:49338.8(56.40%),P:1e-77	Tpos:500.4,Tstd:270.2,Bpos:502.1,Bstd:318.8,StrandBias:0.1,Multiplicity:1.68
0.046	0.125	0.798	0.031
0.107	0.058	0.001	0.834
0.038	0.001	0.932	0.029
0.053	0.021	0.001	0.925
0.001	0.001	0.997	0.001
0.061	0.011	0.028	0.900
0.110	0.077	0.771	0.042
0.001	0.001	0.051	0.947
>TCCATTCG	22-TCCATTCG	5.703370	-156.780070	0	T:41543.0(47.17%),B:38695.8(44.24%),P:1e-68	Tpos:499.5,Tstd:280.0,Bpos:500.7,Bstd:299.8,StrandBias:-0.1,Multiplicity:1.49
0.052	0.057	0.038	0.853
0.051	0.752	0.108	0.089
0.080	0.828	0.055	0.037
0.764	0.056	0.106	0.074
0.059	0.229	0.065	0.647
0.056	0.054	0.124	0.766
0.028	0.745	0.053	0.174
0.027	0.304	0.648	0.021
>AATGGAAT	23-AATGGAAT	7.451741	-33.437019	0	T:6690.0(7.60%),B:6052.2(6.92%),P:1e-14	Tpos:496.2,Tstd:284.1,Bpos:494.6,Bstd:310.1,StrandBias:0.3,Multiplicity:4.36
0.997	0.001	0.001	0.001
0.997	0.001	0.001	0.001
0.001	0.029	0.001	0.969
0.001	0.075	0.923	0.001
0.001	0.001	0.997	0.001
0.997	0.001	0.001	0.001
0.997	0.001	0.001	0.001
0.001	0.001	0.001	0.997
>GTCTAGTT	24-GTCTAGTT	8.236954	-26.129047	0	T:1656.0(1.88%),B:1386.9(1.59%),P:1e-11	Tpos:499.2,Tstd:286.9,Bpos:483.9,Bstd:293.9,StrandBias:-0.3,Multiplicity:1.24
0.100	0.100	0.700	0.100
0.100	0.100	0.100	0.700
0.100	0.700	0.100	0.100
0.100	0.100	0.100	0.700
0.700	0.100	0.100	0.100
0.100	0.100	0.700	0.100
0.100	0.100	0.100	0.700
0.100	0.100	0.100	0.700
>CATCATCA	25-CATCATCA	8.679175	-21.246876	0	T:14450.0(16.41%),B:13696.8(15.66%),P:1e-9	Tpos:502.0,Tstd:260.1,Bpos:489.6,Bstd:324.0,StrandBias:0.0,Multiplicity:1.46
0.036	0.943	0.001	0.020
0.989	0.001	0.009	0.001
0.001	0.190	0.001	0.808
0.001	0.962	0.001	0.036
0.985	0.001	0.013	0.001
0.001	0.195	0.001	0.803
0.001	0.954	0.001	0.044
0.834	0.001	0.164	0.001
