>ATTCCATTCG	1-ATTCCATTCG	10.296193	-506.394667	0	T:375.0(0.43%),B:40.8(0.05%),P:1e-219	Tpos:501.3,Tstd:284.1,Bpos:343.9,Bstd:283.1,StrandBias:-0.4,Multiplicity:1.38
0.700	0.100	0.100	0.100
0.100	0.100	0.100	0.700
0.100	0.100	0.100	0.700
0.100	0.700	0.100	0.100
0.100	0.700	0.100	0.100
0.700	0.100	0.100	0.100
0.100	0.100	0.100	0.700
0.100	0.100	0.100	0.700
0.100	0.700	0.100	0.100
0.100	0.100	0.700	0.100
>GCACGGAGAG	2-GCACGGAGAG	6.188546	-423.405044	0	T:45446.0(51.60%),B:40874.5(46.73%),P:1e-183	Tpos:499.5,Tstd:274.9,Bpos:499.5,Bstd:298.1,StrandBias:-0.0,Multiplicity:1.55
0.061	0.077	0.799	0.063
0.069	0.780	0.099	0.052
0.860	0.039	0.030	0.071
0.061	0.722	0.137	0.080
0.127	0.055	0.773	0.045
0.063	0.108	0.769	0.060
0.841	0.041	0.070	0.048
0.077	0.038	0.824	0.061
0.854	0.032	0.062	0.052
0.079	0.074	0.780	0.067
>GACAGCGCTG	3-GACAGCGCTG	4.895969	-290.843146	0	T:44849.0(50.92%),B:41018.3(46.89%),P:1e-126	Tpos:499.9,Tstd:274.2,Bpos:499.9,Bstd:298.5,StrandBias:-0.0,Multiplicity:1.50
0.160	0.135	0.577	0.128
0.578	0.131	0.138	0.153
0.135	0.627	0.117	0.121
0.673	0.122	0.094	0.111
0.137	0.146	0.560	0.157
0.143	0.553	0.134	0.170
0.154	0.145	0.562	0.139
0.161	0.583	0.142	0.114
0.183	0.049	0.125	0.643
0.097	0.132	0.642	0.129
>CCGCTTTGCA	4-CCGCTTTGCA	6.916939	-270.333160	0	T:29791.0(33.83%),B:26432.9(30.22%),P:1e-117	Tpos:499.5,Tstd:276.2,Bpos:500.8,Bstd:297.1,StrandBias:-0.0,Multiplicity:1.22
0.071	0.790	0.062	0.077
0.121	0.723	0.059	0.097
0.111	0.098	0.694	0.097
0.074	0.794	0.051	0.081
0.081	0.045	0.026	0.848
0.036	0.049	0.060	0.855
0.035	0.033	0.071	0.861
0.060	0.065	0.814	0.061
0.098	0.801	0.055	0.046
0.821	0.061	0.062	0.056
>TTCCAACGAA	5-TTCCAACGAA	11.091377	-206.663329	0	T:206.0(0.23%),B:33.1(0.04%),P:1e-89	Tpos:460.2,Tstd:287.9,Bpos:484.3,Bstd:249.0,StrandBias:-1.5,Multiplicity:1.61
0.001	0.001	0.001	0.997
0.001	0.001	0.001	0.997
0.001	0.997	0.001	0.001
0.001	0.932	0.066	0.001
0.971	0.001	0.027	0.001
0.997	0.001	0.001	0.001
0.001	0.997	0.001	0.001
0.001	0.001	0.997	0.001
0.997	0.001	0.001	0.001
0.997	0.001	0.001	0.001
>TTCCATTCCA	6-TTCCATTCCA	12.167593	-205.372817	0	T:891.0(1.01%),B:416.2(0.48%),P:1e-89	Tpos:493.9,Tstd:281.0,Bpos:512.5,Bstd:364.1,StrandBias:-0.2,Multiplicity:16.51
0.001	0.001	0.001	0.997
0.001	0.001	0.001	0.997
0.001	0.997	0.001	0.001
0.001	0.940	0.058	0.001
0.997	0.001	0.001	0.001
0.001	0.001	0.001	0.997
0.001	0.001	0.001	0.997
0.001	0.997	0.001	0.001
0.001	0.798	0.200	0.001
0.997	0.001	0.001	0.001
>CGCTCCAAAT	7-CGCTCCAAAT	11.471548	-197.408125	0	T:238.0(0.27%),B:47.1(0.05%),P:1e-85	Tpos:508.3,Tstd:272.8,Bpos:461.7,Bstd:322.7,StrandBias:-0.8,Multiplicity:1.38
0.001	0.997	0.001	0.001
0.001	0.001	0.997	0.001
0.001	0.897	0.101	0.001
0.001	0.001	0.001	0.997
0.001	0.997	0.001	0.001
0.001	0.928	0.001	0.070
0.997	0.001	0.001	0.001
0.997	0.001	0.001	0.001
0.997	0.001	0.001	0.001
0.001	0.001	0.001	0.997
>ATTCAACTCA	8-ATTCAACTCA	-0.050637	-190.246856	0	T:46773.0(53.11%),B:43611.6(49.86%),P:1e-82	Tpos:499.6,Tstd:281.4,Bpos:501.2,Bstd:299.6,StrandBias:-0.0,Multiplicity:1.50
0.860	0.001	0.138	0.001
0.001	0.001	0.001	0.997
0.050	0.001	0.026	0.923
0.001	0.997	0.001	0.001
0.962	0.034	0.003	0.001
0.997	0.001	0.001	0.001
0.001	0.997	0.001	0.001
0.001	0.001	0.052	0.946
0.001	0.997	0.001	0.001
0.884	0.001	0.084	0.031
>GTGTACGTGA	9-GTGTACGTGA	6.157315	-183.078254	0	T:13673.0(15.53%),B:11642.8(13.31%),P:1e-79	Tpos:499.2,Tstd:262.3,Bpos:503.3,Bstd:328.7,StrandBias:0.0,Multiplicity:1.35
0.102	0.001	0.889	0.008
0.001	0.068	0.001	0.930
0.001	0.018	0.968	0.013
0.037	0.001	0.010	0.952
0.906	0.001	0.037	0.056
0.021	0.920	0.001	0.058
0.032	0.001	0.945	0.022
0.019	0.001	0.009	0.971
0.050	0.012	0.937	0.001
0.599	0.125	0.100	0.176
>TCCATTCSAT	10-TCCATTCSAT	10.003586	-172.584549	0	T:801.0(0.91%),B:385.1(0.44%),P:1e-74	Tpos:506.7,Tstd:287.2,Bpos:509.9,Bstd:303.2,StrandBias:-0.7,Multiplicity:3.09
0.022	0.005	0.013	0.960
0.021	0.873	0.054	0.052
0.054	0.665	0.228	0.053
0.786	0.003	0.184	0.027
0.028	0.064	0.155	0.753
0.006	0.007	0.013	0.974
0.033	0.766	0.024	0.177
0.044	0.483	0.449	0.024
0.858	0.003	0.120	0.019
0.011	0.078	0.028	0.883
>TCCACTTGCA	11-TCCACTTGCA	10.296193	-171.248003	0	T:507.0(0.58%),B:197.1(0.23%),P:1e-74	Tpos:497.5,Tstd:287.2,Bpos:514.3,Bstd:306.6,StrandBias:-0.2,Multiplicity:1.72
0.100	0.100	0.100	0.700
0.100	0.700	0.100	0.100
0.100	0.700	0.100	0.100
0.700	0.100	0.100	0.100
0.100	0.700	0.100	0.100
0.100	0.100	0.100	0.700
0.100	0.100	0.100	0.700
0.100	0.100	0.700	0.100
0.100	0.700	0.100	0.100
0.700	0.100	0.100	0.100
>AGATATTTCC	12-AGATATTTCC	13.801311	-157.036263	0	T:556.0(0.63%),B:237.0(0.27%),P:1e-68	Tpos:504.1,Tstd:287.2,Bpos:480.3,Bstd:296.2,StrandBias:-0.5,Multiplicity:1.54
0.997	0.001	0.001	0.001
0.001	0.001	0.997	0.001
0.997	0.001	0.001	0.001
0.001	0.001	0.001	0.997
0.997	0.001	0.001	0.001
0.001	0.001	0.001	0.997
0.001	0.001	0.001	0.997
0.001	0.001	0.001	0.997
0.001	0.997	0.001	0.001
0.001	0.966	0.032	0.001
>TTCGATTCGA	13-TTCGATTCGA	7.755799	-152.929129	0	T:1399.0(1.59%),B:845.4(0.97%),P:1e-66	Tpos:489.3,Tstd:280.1,Bpos:494.0,Bstd:294.6,StrandBias:-0.7,Multiplicity:1.55
0.136	0.090	0.118	0.656
0.074	0.080	0.084	0.762
0.062	0.718	0.133	0.087
0.080	0.285	0.583	0.052
0.751	0.068	0.085	0.096
0.122	0.123	0.111	0.644
0.072	0.064	0.087	0.777
0.090	0.730	0.081	0.099
0.095	0.222	0.628	0.055
0.750	0.064	0.115	0.071
>AGAGTGTTTC	14-AGAGTGTTTC	10.296193	-150.130000	0	T:521.0(0.59%),B:220.2(0.25%),P:1e-65	Tpos:503.7,Tstd:282.6,Bpos:498.8,Bstd:298.3,StrandBias:-1.0,Multiplicity:1.90
0.700	0.100	0.100	0.100
0.100	0.100	0.700	0.100
0.700	0.100	0.100	0.100
0.100	0.100	0.700	0.100
0.100	0.100	0.100	0.700
0.100	0.100	0.700	0.100
0.100	0.100	0.100	0.700
0.100	0.100	0.100	0.700
0.100	0.100	0.100	0.700
0.100	0.700	0.100	0.100
>AATSGAATCG	15-AATSGAATCG	5.388341	-140.992717	0	T:33502.0(38.04%),B:30927.4(35.36%),P:1e-61	Tpos:499.7,Tstd:282.4,Bpos:500.6,Bstd:297.8,StrandBias:0.1,Multiplicity:1.49
0.563	0.253	0.095	0.089
0.521	0.165	0.109	0.205
0.077	0.217	0.020	0.686
0.069	0.492	0.383	0.057
0.177	0.153	0.576	0.094
0.765	0.163	0.001	0.071
0.608	0.131	0.144	0.117
0.183	0.198	0.044	0.575
0.011	0.535	0.384	0.070
0.108	0.164	0.727	0.001
>GCGTGTATGC	16-GCGTGTATGC	5.512263	-138.183093	0	T:9980.0(11.33%),B:8449.1(9.66%),P:1e-60	Tpos:499.5,Tstd:249.1,Bpos:500.1,Bstd:344.9,StrandBias:0.1,Multiplicity:1.89
0.001	0.001	0.997	0.001
0.001	0.990	0.001	0.008
0.153	0.001	0.657	0.189
0.001	0.001	0.001	0.997
0.001	0.001	0.997	0.001
0.001	0.001	0.001	0.997
0.869	0.001	0.129	0.001
0.001	0.133	0.001	0.865
0.001	0.001	0.997	0.001
0.001	0.616	0.211	0.172
>GATTCTACAA	17-GATTCTACAA	13.626054	-135.236767	0	T:377.0(0.43%),B:142.6(0.16%),P:1e-58	Tpos:494.3,Tstd:291.6,Bpos:487.5,Bstd:299.8,StrandBias:-0.4,Multiplicity:1.65
0.001	0.001	0.997	0.001
0.997	0.001	0.001	0.001
0.001	0.001	0.001	0.997
0.169	0.001	0.001	0.829
0.001	0.997	0.001	0.001
0.001	0.001	0.001	0.997
0.997	0.001	0.001	0.001
0.001	0.997	0.001	0.001
0.975	0.001	0.023	0.001
0.997	0.001	0.001	0.001
>GAAACTTCTT	18-GAAACTTCTT	13.715992	-117.813572	0	T:549.0(0.62%),B:265.1(0.30%),P:1e-51	Tpos:502.2,Tstd:282.4,Bpos:496.6,Bstd:310.6,StrandBias:0.5,Multiplicity:1.52
0.001	0.001	0.997	0.001
0.997	0.001	0.001	0.001
0.997	0.001	0.001	0.001
0.997	0.001	0.001	0.001
0.001	0.997	0.001	0.001
0.001	0.001	0.001	0.997
0.111	0.001	0.001	0.887
0.001	0.997	0.001	0.001
0.001	0.001	0.001	0.997
0.001	0.001	0.001	0.997
>ACACAMCACA	19-ACACAMCACA	10.191124	-115.748515	0	T:2883.0(3.27%),B:2146.4(2.45%),P:1e-50	Tpos:500.4,Tstd:255.8,Bpos:513.9,Bstd:393.8,StrandBias:-0.1,Multiplicity:2.91
0.925	0.003	0.051	0.021
0.061	0.834	0.013	0.092
0.937	0.003	0.038	0.022
0.049	0.834	0.028	0.089
0.619	0.252	0.026	0.103
0.463	0.376	0.026	0.134
0.086	0.755	0.006	0.153
0.908	0.020	0.046	0.026
0.009	0.817	0.024	0.150
0.908	0.030	0.043	0.019
>AAAACTGCTC	20-AAAACTGCTC	13.706932	-109.211848	0	T:586.0(0.67%),B:300.0(0.34%),P:1e-47	Tpos:495.7,Tstd:285.0,Bpos:511.4,Bstd:287.8,StrandBias:-0.6,Multiplicity:1.56
0.997	0.001	0.001	0.001
0.997	0.001	0.001	0.001
0.997	0.001	0.001	0.001
0.879	0.119	0.001	0.001
0.001	0.997	0.001	0.001
0.001	0.001	0.001	0.997
0.001	0.001	0.997	0.001
0.001	0.997	0.001	0.001
0.001	0.001	0.001	0.997
0.001	0.997	0.001	0.001
>AAAACTAGAC	21-AAAACTAGAC	10.296193	-101.212089	0	T:430.0(0.49%),B:200.7(0.23%),P:1e-43	Tpos:497.4,Tstd:279.3,Bpos:486.1,Bstd:294.9,StrandBias:0.9,Multiplicity:1.70
0.700	0.100	0.100	0.100
0.700	0.100	0.100	0.100
0.700	0.100	0.100	0.100
0.700	0.100	0.100	0.100
0.100	0.700	0.100	0.100
0.100	0.100	0.100	0.700
0.700	0.100	0.100	0.100
0.100	0.100	0.700	0.100
0.700	0.100	0.100	0.100
0.100	0.700	0.100	0.100
>GAAKSMTTCT	22-GAAKSMTTCT	11.799719	-93.626906	0	T:936.0(1.06%),B:580.3(0.66%),P:1e-40	Tpos:498.9,Tstd:278.1,Bpos:491.1,Bstd:304.9,StrandBias:-0.4,Multiplicity:1.54
0.001	0.001	0.997	0.001
0.997	0.001	0.001	0.001
0.997	0.001	0.001	0.001
0.001	0.001	0.468	0.530
0.001	0.488	0.510	0.001
0.518	0.480	0.001	0.001
0.001	0.001	0.001	0.997
0.001	0.001	0.001	0.997
0.001	0.997	0.001	0.001
0.001	0.001	0.001	0.997
>ATTCCATTCC	23-ATTCCATTCC	9.436132	-76.012383	0	T:1829.0(2.08%),B:1355.8(1.55%),P:1e-33	Tpos:496.7,Tstd:281.0,Bpos:481.7,Bstd:299.6,StrandBias:-0.3,Multiplicity:1.77
0.838	0.001	0.160	0.001
0.001	0.134	0.067	0.798
0.043	0.001	0.068	0.888
0.039	0.737	0.097	0.127
0.086	0.641	0.233	0.040
0.673	0.003	0.263	0.061
0.032	0.174	0.170	0.624
0.017	0.020	0.011	0.952
0.058	0.863	0.012	0.067
0.126	0.534	0.316	0.024
>CATCATCATC	24-CATCATCATC	9.434949	-62.873337	0	T:7270.0(8.25%),B:6368.6(7.28%),P:1e-27	Tpos:502.3,Tstd:251.7,Bpos:492.6,Bstd:328.3,StrandBias:0.0,Multiplicity:1.57
0.001	0.716	0.001	0.282
0.997	0.001	0.001	0.001
0.001	0.388	0.001	0.610
0.001	0.837	0.001	0.161
0.997	0.001	0.001	0.001
0.001	0.412	0.001	0.586
0.001	0.761	0.001	0.237
0.997	0.001	0.001	0.001
0.001	0.198	0.001	0.800
0.001	0.683	0.001	0.315
>TGATGATGAT	25-TGATGATGAT	11.457214	-61.816019	0	T:910.0(1.03%),B:618.6(0.71%),P:1e-26	Tpos:507.9,Tstd:254.9,Bpos:420.8,Bstd:357.8,StrandBias:0.1,Multiplicity:1.96
0.042	0.085	0.032	0.841
0.113	0.009	0.859	0.019
0.582	0.020	0.367	0.031
0.016	0.067	0.050	0.867
0.080	0.004	0.903	0.013
0.646	0.019	0.330	0.005
0.013	0.032	0.014	0.941
0.084	0.011	0.881	0.024
0.549	0.025	0.374	0.052
0.020	0.029	0.019	0.932
>TCSATTCSATTC	1-TCSATTCSATTC	14.059621	-619.071199	0	T:424.0(0.48%),B:40.2(0.05%),P:1e-268	Tpos:492.5,Tstd:280.4,Bpos:478.2,Bstd:392.2,StrandBias:-0.1,Multiplicity:12.54
0.002	0.001	0.004	0.993
0.026	0.845	0.012	0.117
0.027	0.511	0.445	0.017
0.898	0.002	0.074	0.026
0.031	0.020	0.172	0.777
0.002	0.002	0.008	0.988
0.024	0.891	0.019	0.066
0.026	0.538	0.412	0.024
0.903	0.001	0.073	0.023
0.028	0.025	0.184	0.763
0.001	0.001	0.008	0.990
0.029	0.904	0.018	0.049
>TATCCACTTGCA	2-TATCCACTTGCA	16.432879	-585.755273	0	T:248.0(0.28%),B:9.0(0.01%),P:1e-254	Tpos:478.4,Tstd:283.6,Bpos:669.8,Bstd:327.5,StrandBias:-0.7,Multiplicity:1.73
0.001	0.001	0.001	0.997
0.844	0.001	0.154	0.001
0.001	0.001	0.001	0.997
0.001	0.997	0.001	0.001
0.001	0.997	0.001	0.001
0.997	0.001	0.001	0.001
0.001	0.997	0.001	0.001
0.001	0.001	0.001	0.997
0.001	0.001	0.001	0.997
0.001	0.001	0.997	0.001
0.001	0.997	0.001	0.001
0.997	0.001	0.001	0.001
>ATSGAATGGAAT	3-ATSGAATGGAAT	15.578159	-571.366178	0	T:419.0(0.48%),B:44.4(0.05%),P:1e-248	Tpos:497.0,Tstd:285.4,Bpos:473.0,Bstd:420.7,StrandBias:0.8,Multiplicity:3.64
0.997	0.001	0.001	0.001
0.001	0.001	0.001	0.997
0.001	0.484	0.514	0.001
0.001	0.001	0.997	0.001
0.997	0.001	0.001	0.001
0.949	0.049	0.001	0.001
0.001	0.001	0.001	0.997
0.001	0.221	0.777	0.001
0.001	0.001	0.997	0.001
0.997	0.001	0.001	0.001
0.997	0.001	0.001	0.001
0.001	0.001	0.001	0.997
>ACACTCTTTTTG	4-ACACTCTTTTTG	12.355432	-522.471253	0	T:285.0(0.32%),B:18.0(0.02%),P:1e-226	Tpos:497.9,Tstd:280.1,Bpos:522.3,Bstd:296.2,StrandBias:1.5,Multiplicity:2.11
0.700	0.100	0.100	0.100
0.100	0.700	0.100	0.100
0.700	0.100	0.100	0.100
0.100	0.700	0.100	0.100
0.100	0.100	0.100	0.700
0.100	0.700	0.100	0.100
0.100	0.100	0.100	0.700
0.100	0.100	0.100	0.700
0.100	0.100	0.100	0.700
0.100	0.100	0.100	0.700
0.100	0.100	0.100	0.700
0.100	0.100	0.700	0.100
>GAATSGAATGGA	5-GAATSGAATGGA	11.577845	-504.694210	0	T:471.0(0.53%),B:69.3(0.08%),P:1e-219	Tpos:501.8,Tstd:286.4,Bpos:531.7,Bstd:295.9,StrandBias:0.8,Multiplicity:1.88
0.087	0.056	0.685	0.172
0.773	0.171	0.022	0.034
0.742	0.079	0.125	0.054
0.057	0.086	0.026	0.831
0.041	0.400	0.422	0.137
0.111	0.082	0.740	0.067
0.905	0.033	0.030	0.032
0.742	0.126	0.076	0.056
0.052	0.064	0.032	0.852
0.054	0.192	0.679	0.075
0.072	0.118	0.748	0.062
0.902	0.033	0.031	0.034
>CATTCCATTCSA	6-CATTCCATTCSA	11.105317	-493.246415	0	T:462.0(0.52%),B:68.2(0.08%),P:1e-214	Tpos:500.4,Tstd:286.0,Bpos:525.9,Bstd:425.7,StrandBias:-0.7,Multiplicity:2.50
0.039	0.537	0.358	0.066
0.697	0.021	0.194	0.088
0.108	0.037	0.112	0.743
0.043	0.035	0.014	0.908
0.047	0.770	0.089	0.094
0.075	0.532	0.355	0.038
0.825	0.011	0.095	0.069
0.118	0.086	0.070	0.726
0.024	0.008	0.021	0.947
0.090	0.691	0.162	0.057
0.048	0.437	0.428	0.087
0.821	0.001	0.118	0.060
>GGAATTATCATC	7-GGAATTATCATC	13.195431	-455.603127	0	T:468.0(0.53%),B:77.1(0.09%),P:1e-197	Tpos:507.3,Tstd:286.8,Bpos:497.0,Bstd:320.5,StrandBias:1.0,Multiplicity:1.95
0.006	0.143	0.850	0.001
0.001	0.005	0.993	0.001
0.992	0.001	0.006	0.001
0.976	0.022	0.001	0.001
0.348	0.006	0.017	0.629
0.006	0.120	0.012	0.862
0.879	0.001	0.119	0.001
0.031	0.001	0.001	0.967
0.005	0.993	0.001	0.001
0.629	0.001	0.198	0.172
0.016	0.001	0.001	0.982
0.001	0.997	0.001	0.001
>TTCSATTCCATT	8-TTCSATTCCATT	9.577493	-440.241032	0	T:492.0(0.56%),B:89.3(0.10%),P:1e-191	Tpos:498.8,Tstd:288.1,Bpos:556.9,Bstd:308.1,StrandBias:-0.9,Multiplicity:2.36
0.099	0.114	0.292	0.496
0.150	0.046	0.080	0.724
0.054	0.562	0.185	0.199
0.082	0.447	0.400	0.071
0.681	0.053	0.175	0.091
0.104	0.120	0.246	0.530
0.041	0.042	0.081	0.836
0.089	0.628	0.137	0.146
0.151	0.477	0.287	0.085
0.624	0.036	0.210	0.130
0.068	0.197	0.213	0.522
0.016	0.022	0.182	0.780
>AAGGTTCAACTC	9-AAGGTTCAACTC	12.712458	-436.548560	0	T:357.0(0.41%),B:44.7(0.05%),P:1e-189	Tpos:502.9,Tstd:290.0,Bpos:507.3,Bstd:344.0,StrandBias:-0.9,Multiplicity:1.80
0.983	0.009	0.001	0.007
0.981	0.001	0.012	0.006
0.062	0.025	0.770	0.143
0.014	0.007	0.952	0.027
0.006	0.007	0.001	0.986
0.001	0.005	0.001	0.993
0.035	0.950	0.006	0.009
0.986	0.001	0.006	0.007
0.943	0.001	0.046	0.010
0.018	0.936	0.010	0.036
0.092	0.001	0.001	0.906
0.001	0.992	0.006	0.001
>TTGCAGATTCTA	10-TTGCAGATTCTA	10.992045	-422.688165	0	T:243.0(0.28%),B:17.5(0.02%),P:1e-183	Tpos:500.5,Tstd:287.9,Bpos:453.9,Bstd:271.7,StrandBias:-0.0,Multiplicity:1.53
0.001	0.001	0.001	0.997
0.001	0.017	0.001	0.981
0.001	0.001	0.997	0.001
0.001	0.997	0.001	0.001
0.981	0.004	0.014	0.001
0.001	0.001	0.997	0.001
0.997	0.001	0.001	0.001
0.001	0.001	0.001	0.997
0.001	0.071	0.001	0.927
0.001	0.997	0.001	0.001
0.001	0.001	0.001	0.997
0.997	0.001	0.001	0.001
>GTTTCCAACGAA	11-GTTTCCAACGAA	16.471756	-418.371965	0	T:155.0(0.18%),B:4.9(0.01%),P:1e-181	Tpos:459.9,Tstd:288.5,Bpos:484.5,Bstd:213.4,StrandBias:-2.0,Multiplicity:1.62
0.069	0.001	0.929	0.001
0.001	0.001	0.001	0.997
0.001	0.001	0.001	0.997
0.001	0.001	0.001	0.997
0.001	0.959	0.039	0.001
0.001	0.979	0.019	0.001
0.997	0.001	0.001	0.001
0.997	0.001	0.001	0.001
0.001	0.997	0.001	0.001
0.001	0.001	0.997	0.001
0.997	0.001	0.001	0.001
0.997	0.001	0.001	0.001
>AAACTAGACAGA	12-AAACTAGACAGA	16.581258	-405.585664	0	T:264.0(0.30%),B:23.1(0.03%),P:1e-176	Tpos:513.2,Tstd:274.0,Bpos:499.9,Bstd:358.9,StrandBias:1.2,Multiplicity:2.06
0.997	0.001	0.001	0.001
0.997	0.001	0.001	0.001
0.997	0.001	0.001	0.001
0.001	0.997	0.001	0.001
0.001	0.001	0.001	0.997
0.997	0.001	0.001	0.001
0.001	0.001	0.997	0.001
0.997	0.001	0.001	0.001
0.001	0.997	0.001	0.001
0.979	0.001	0.019	0.001
0.001	0.001	0.997	0.001
0.997	0.001	0.001	0.001
>GGCCTCAAAGCG	13-GGCCTCAAAGCG	13.202182	-401.241839	0	T:249.0(0.28%),B:21.0(0.02%),P:1e-174	Tpos:488.6,Tstd:289.8,Bpos:496.1,Bstd:295.1,StrandBias:-0.9,Multiplicity:1.37
0.012	0.011	0.975	0.002
0.041	0.008	0.942	0.009
0.001	0.988	0.001	0.010
0.009	0.979	0.001	0.011
0.001	0.007	0.001	0.991
0.002	0.802	0.192	0.004
0.981	0.005	0.001	0.013
0.997	0.001	0.001	0.001
0.976	0.001	0.006	0.017
0.001	0.007	0.927	0.065
0.032	0.892	0.036	0.040
0.147	0.026	0.826	0.001
>AGCAGTTTTGAA	14-AGCAGTTTTGAA	13.781606	-392.542502	0	T:275.0(0.31%),B:27.6(0.03%),P:1e-170	Tpos:494.8,Tstd:277.0,Bpos:459.5,Bstd:307.6,StrandBias:0.9,Multiplicity:2.13
0.791	0.207	0.001	0.001
0.033	0.006	0.960	0.001
0.017	0.972	0.006	0.005
0.503	0.233	0.252	0.012
0.001	0.012	0.935	0.052
0.006	0.001	0.328	0.665
0.041	0.058	0.104	0.797
0.234	0.001	0.227	0.538
0.001	0.111	0.004	0.884
0.015	0.017	0.967	0.001
0.896	0.097	0.001	0.006
0.760	0.211	0.006	0.023
>GTTTCTGCGAAT	15-GTTTCTGCGAAT	11.053246	-388.227719	0	T:303.0(0.34%),B:35.7(0.04%),P:1e-168	Tpos:502.2,Tstd:281.5,Bpos:431.3,Bstd:310.3,StrandBias:-0.9,Multiplicity:2.34
0.001	0.001	0.997	0.001
0.001	0.001	0.001	0.997
0.001	0.001	0.001	0.997
0.001	0.001	0.001	0.997
0.001	0.997	0.001	0.001
0.001	0.311	0.032	0.656
0.001	0.009	0.989	0.001
0.343	0.655	0.001	0.001
0.001	0.001	0.997	0.001
0.997	0.001	0.001	0.001
0.997	0.001	0.001	0.001
0.001	0.001	0.001	0.997
>TGTGAGTTGAAT	16-TGTGAGTTGAAT	16.257338	-345.112438	0	T:222.0(0.25%),B:19.6(0.02%),P:1e-149	Tpos:510.9,Tstd:280.9,Bpos:443.7,Bstd:331.8,StrandBias:-0.4,Multiplicity:1.85
0.001	0.035	0.001	0.963
0.001	0.001	0.997	0.001
0.001	0.013	0.001	0.985
0.001	0.001	0.997	0.001
0.997	0.001	0.001	0.001
0.001	0.102	0.896	0.001
0.113	0.001	0.001	0.885
0.001	0.004	0.001	0.994
0.001	0.001	0.997	0.001
0.997	0.001	0.001	0.001
0.997	0.001	0.001	0.001
0.001	0.065	0.001	0.933
>ATSGAATSGAAT	17-ATSGAATSGAAT	8.549604	-321.020348	0	T:541.0(0.61%),B:144.2(0.16%),P:1e-139	Tpos:515.3,Tstd:278.5,Bpos:526.0,Bstd:359.9,StrandBias:0.4,Multiplicity:1.87
0.457	0.155	0.244	0.144
0.134	0.171	0.089	0.606
0.114	0.367	0.379	0.141
0.166	0.150	0.580	0.104
0.732	0.100	0.075	0.093
0.602	0.125	0.151	0.122
0.111	0.154	0.087	0.648
0.097	0.339	0.433	0.131
0.130	0.169	0.591	0.110
0.699	0.084	0.093	0.124
0.550	0.187	0.133	0.130
0.156	0.180	0.106	0.558
>ACTCGGGTTGAT	18-ACTCGGGTTGAT	12.433372	-280.226623	0	T:96.0(0.11%),B:2.9(0.00%),P:1e-121	Tpos:490.7,Tstd:274.0,Bpos:476.7,Bstd:255.5,StrandBias:0.5,Multiplicity:2.36
0.979	0.001	0.001	0.019
0.089	0.909	0.001	0.001
0.001	0.001	0.001	0.997
0.001	0.997	0.001	0.001
0.001	0.001	0.997	0.001
0.001	0.001	0.949	0.049
0.001	0.001	0.997	0.001
0.001	0.001	0.001	0.997
0.001	0.001	0.026	0.972
0.003	0.001	0.993	0.003
0.995	0.001	0.003	0.001
0.033	0.001	0.001	0.965
>GATTCCRTTCGA	19-GATTCCRTTCGA	10.179029	-274.187041	0	T:610.0(0.69%),B:199.9(0.23%),P:1e-119	Tpos:497.3,Tstd:287.9,Bpos:550.3,Bstd:307.9,StrandBias:-0.9,Multiplicity:2.61
0.081	0.193	0.640	0.086
0.816	0.061	0.048	0.075
0.046	0.045	0.101	0.808
0.029	0.040	0.048	0.883
0.044	0.796	0.082	0.078
0.073	0.791	0.034	0.102
0.380	0.076	0.439	0.106
0.042	0.053	0.028	0.877
0.039	0.044	0.047	0.870
0.085	0.670	0.091	0.154
0.135	0.160	0.602	0.103
0.811	0.045	0.063	0.081
>CCATTCGATGAT	20-CCATTCGATGAT	16.007655	-216.448194	0	T:115.0(0.13%),B:7.4(0.01%),P:1e-94	Tpos:510.2,Tstd:276.6,Bpos:851.9,Bstd:4.6,StrandBias:-1.9,Multiplicity:1.91
0.065	0.901	0.001	0.033
0.008	0.967	0.001	0.024
0.949	0.009	0.002	0.040
0.006	0.001	0.001	0.992
0.006	0.001	0.003	0.990
0.025	0.818	0.029	0.128
0.089	0.001	0.883	0.027
0.991	0.001	0.007	0.001
0.001	0.006	0.004	0.989
0.015	0.001	0.983	0.001
0.988	0.001	0.001	0.010
0.001	0.042	0.001	0.956
>ATTCCATTCCAT	21-ATTCCATTCCAT	11.524190	-204.809885	0	T:702.0(0.80%),B:294.1(0.34%),P:1e-88	Tpos:496.1,Tstd:298.0,Bpos:487.7,Bstd:302.9,StrandBias:-0.3,Multiplicity:1.55
0.877	0.005	0.065	0.053
0.012	0.070	0.102	0.816
0.004	0.008	0.009	0.979
0.067	0.708	0.095	0.130
0.085	0.720	0.146	0.049
0.861	0.001	0.074	0.064
0.056	0.090	0.060	0.794
0.031	0.001	0.005	0.963
0.065	0.793	0.057	0.085
0.055	0.571	0.332	0.042
0.831	0.002	0.093	0.074
0.011	0.088	0.181	0.720
>CCATTCCATTCS	22-CCATTCCATTCS	11.284901	-174.134881	0	T:701.0(0.80%),B:317.5(0.36%),P:1e-75	Tpos:497.5,Tstd:287.6,Bpos:493.8,Bstd:312.7,StrandBias:-0.3,Multiplicity:1.90
0.053	0.648	0.072	0.227
0.060	0.631	0.249	0.060
0.864	0.021	0.072	0.043
0.031	0.053	0.017	0.899
0.004	0.008	0.009	0.979
0.027	0.772	0.045	0.156
0.055	0.706	0.164	0.075
0.836	0.018	0.047	0.099
0.019	0.120	0.007	0.854
0.004	0.015	0.004	0.977
0.070	0.729	0.089	0.112
0.045	0.465	0.405	0.084
>CACGCATTCACA	23-CACGCATTCACA	8.968799	-149.320185	0	T:6486.0(7.36%),B:5210.1(5.96%),P:1e-64	Tpos:502.2,Tstd:248.1,Bpos:502.6,Bstd:350.4,StrandBias:-0.1,Multiplicity:1.82
0.065	0.801	0.073	0.061
0.814	0.067	0.042	0.077
0.092	0.673	0.093	0.142
0.189	0.083	0.620	0.108
0.074	0.775	0.064	0.087
0.781	0.074	0.056	0.089
0.067	0.144	0.091	0.698
0.156	0.072	0.132	0.640
0.049	0.823	0.057	0.071
0.787	0.078	0.037	0.098
0.062	0.796	0.072	0.070
0.794	0.071	0.059	0.076
>ACACAHCACACA	24-ACACAHCACACA	9.076917	-134.068617	0	T:3798.0(4.31%),B:2883.8(3.30%),P:1e-58	Tpos:498.3,Tstd:253.1,Bpos:512.1,Bstd:387.7,StrandBias:-0.1,Multiplicity:3.03
0.675	0.051	0.227	0.047
0.026	0.674	0.025	0.275
0.813	0.001	0.014	0.172
0.009	0.735	0.042	0.214
0.614	0.219	0.059	0.108
0.293	0.384	0.068	0.255
0.278	0.482	0.007	0.233
0.477	0.227	0.100	0.196
0.022	0.741	0.026	0.211
0.892	0.030	0.063	0.015
0.127	0.610	0.053	0.210
0.726	0.146	0.055	0.073
>GATGATGATGAT	25-GATGATGATGAT	8.184624	-84.743397	0	T:10225.0(11.61%),B:8993.5(10.28%),P:1e-36	Tpos:507.7,Tstd:251.4,Bpos:486.8,Bstd:334.7,StrandBias:-0.1,Multiplicity:1.46
0.103	0.041	0.781	0.075
0.531	0.021	0.352	0.096
0.028	0.081	0.001	0.890
0.174	0.030	0.792	0.004
0.633	0.025	0.323	0.019
0.021	0.052	0.037	0.890
0.192	0.022	0.766	0.020
0.621	0.008	0.346	0.025
0.032	0.063	0.036	0.869
0.184	0.009	0.773	0.034
0.614	0.022	0.325	0.039
0.036	0.059	0.012	0.893
>CTYTGTGM	1-CTYTGTGM	6.717786	-537.829139	0	T:52916.0(60.08%),B:47785.2(54.63%),P:1e-233	Tpos:498.7,Tstd:276.1,Bpos:500.4,Bstd:300.2,StrandBias:0.0,Multiplicity:1.62
0.144	0.854	0.001	0.001
0.001	0.079	0.082	0.838
0.083	0.430	0.205	0.282
0.001	0.371	0.001	0.627
0.115	0.256	0.586	0.043
0.029	0.101	0.001	0.869
0.037	0.001	0.961	0.001
0.481	0.517	0.001	0.001
>AAATGCTC	2-AAATGCTC	2.664572	-412.257395	0	T:50553.0(57.40%),B:46016.2(52.61%),P:1e-179	Tpos:499.5,Tstd:277.5,Bpos:500.7,Bstd:300.2,StrandBias:-0.0,Multiplicity:1.53
0.702	0.001	0.296	0.001
0.668	0.153	0.001	0.178
0.629	0.007	0.363	0.001
0.001	0.295	0.001	0.703
0.001	0.001	0.997	0.001
0.001	0.997	0.001	0.001
0.001	0.001	0.001	0.997
0.001	0.997	0.001	0.001
>TGCTCCGH	3-TGCTCCGH	4.257369	-406.855531	0	T:39278.0(44.60%),B:34892.8(39.89%),P:1e-176	Tpos:498.4,Tstd:277.6,Bpos:500.5,Bstd:300.0,StrandBias:0.0,Multiplicity:1.27
0.182	0.200	0.155	0.463
0.020	0.197	0.577	0.206
0.145	0.632	0.020	0.203
0.213	0.131	0.047	0.609
0.153	0.435	0.209	0.203
0.169	0.497	0.146	0.188
0.143	0.225	0.454	0.178
0.339	0.229	0.154	0.278
>DGACRGCA	4-DGACRGCA	5.937297	-398.070046	0	T:51483.0(58.46%),B:47022.6(53.76%),P:1e-172	Tpos:501.1,Tstd:276.8,Bpos:498.0,Bstd:299.6,StrandBias:0.0,Multiplicity:1.36
0.248	0.005	0.359	0.388
0.043	0.031	0.656	0.270
0.805	0.126	0.001	0.068
0.301	0.617	0.059	0.023
0.400	0.079	0.389	0.132
0.070	0.001	0.860	0.069
0.145	0.771	0.001	0.083
0.553	0.292	0.096	0.059
>CAAATCCG	5-CAAATCCG	4.956694	-394.368661	0	T:46339.0(52.62%),B:41909.4(47.91%),P:1e-171	Tpos:498.9,Tstd:283.4,Bpos:498.7,Bstd:295.8,StrandBias:-0.0,Multiplicity:1.35
0.035	0.665	0.100	0.200
0.825	0.033	0.087	0.055
0.685	0.114	0.070	0.131
0.680	0.199	0.057	0.064
0.114	0.051	0.107	0.728
0.101	0.518	0.293	0.088
0.136	0.796	0.041	0.027
0.082	0.014	0.810	0.094
>GWCAATGC	6-GWCAATGC	5.056764	-382.943136	0	T:38244.0(43.43%),B:34005.6(38.88%),P:1e-166	Tpos:499.3,Tstd:277.9,Bpos:500.8,Bstd:302.7,StrandBias:-0.0,Multiplicity:1.28
0.188	0.043	0.543	0.226
0.425	0.214	0.055	0.307
0.239	0.446	0.167	0.149
0.562	0.048	0.369	0.021
0.446	0.068	0.260	0.226
0.034	0.272	0.005	0.689
0.025	0.001	0.623	0.351
0.272	0.659	0.022	0.047
>TACGTGCT	7-TACGTGCT	5.197419	-379.257074	0	T:44314.0(50.32%),B:39984.7(45.71%),P:1e-164	Tpos:498.5,Tstd:276.6,Bpos:495.6,Bstd:300.2,StrandBias:-0.0,Multiplicity:1.32
0.100	0.110	0.105	0.685
0.690	0.128	0.118	0.064
0.085	0.802	0.043	0.070
0.087	0.109	0.676	0.128
0.041	0.052	0.061	0.846
0.092	0.081	0.768	0.059
0.063	0.757	0.071	0.109
0.118	0.080	0.024	0.778
>DNCGRTGA	8-DNCGRTGA	4.559336	-369.441120	0	T:48809.0(55.42%),B:44500.4(50.87%),P:1e-160	Tpos:503.4,Tstd:277.5,Bpos:501.4,Bstd:299.5,StrandBias:-0.0,Multiplicity:1.34
0.260	0.081	0.377	0.282
0.201	0.275	0.245	0.278
0.092	0.581	0.326	0.001
0.340	0.080	0.579	0.001
0.413	0.001	0.360	0.227
0.001	0.065	0.247	0.687
0.229	0.001	0.697	0.073
0.514	0.175	0.030	0.281
>GATKCTRC	9-GATKCTRC	3.152196	-366.110995	0	T:35246.0(40.02%),B:31177.1(35.64%),P:1e-158	Tpos:501.8,Tstd:280.7,Bpos:500.9,Bstd:300.1,StrandBias:-0.0,Multiplicity:1.23
0.001	0.001	0.997	0.001
0.997	0.001	0.001	0.001
0.001	0.001	0.001	0.997
0.004	0.001	0.537	0.458
0.001	0.997	0.001	0.001
0.001	0.009	0.298	0.692
0.454	0.001	0.544	0.001
0.193	0.805	0.001	0.001
>TAAGATGC	10-TAAGATGC	5.578117	-358.057164	0	T:50900.0(57.80%),B:46653.7(53.34%),P:1e-155	Tpos:499.0,Tstd:279.7,Bpos:500.3,Bstd:300.8,StrandBias:-0.0,Multiplicity:1.45
0.065	0.053	0.001	0.881
0.746	0.077	0.154	0.023
0.807	0.001	0.057	0.135
0.046	0.094	0.836	0.024
0.934	0.032	0.015	0.019
0.045	0.013	0.022	0.920
0.001	0.014	0.984	0.001
0.050	0.948	0.001	0.001
>TGCAAAGC	11-TGCAAAGC	6.490855	-343.221847	0	T:41390.0(47.00%),B:37299.6(42.64%),P:1e-149	Tpos:498.9,Tstd:280.3,Bpos:498.5,Bstd:299.3,StrandBias:0.0,Multiplicity:1.35
0.059	0.060	0.134	0.747
0.001	0.104	0.894	0.001
0.110	0.711	0.098	0.081
0.596	0.144	0.069	0.191
0.892	0.001	0.106	0.001
0.788	0.001	0.001	0.210
0.097	0.227	0.675	0.001
0.083	0.695	0.053	0.169
>GGACAGCT	12-GGACAGCT	6.563112	-337.580649	0	T:34593.0(39.28%),B:30695.6(35.09%),P:1e-146	Tpos:501.6,Tstd:273.4,Bpos:501.7,Bstd:301.6,StrandBias:0.0,Multiplicity:1.33
0.115	0.099	0.785	0.001
0.001	0.077	0.921	0.001
0.917	0.001	0.034	0.048
0.001	0.918	0.080	0.001
0.938	0.027	0.034	0.001
0.015	0.075	0.831	0.079
0.001	0.927	0.071	0.001
0.051	0.072	0.023	0.854
>ASGGAGAG	13-ASGGAGAG	6.497669	-331.684057	0	T:50184.0(56.98%),B:46085.9(52.69%),P:1e-144	Tpos:501.8,Tstd:280.9,Bpos:500.7,Bstd:296.0,StrandBias:0.0,Multiplicity:1.54
0.455	0.248	0.001	0.296
0.171	0.366	0.462	0.001
0.001	0.083	0.915	0.001
0.001	0.001	0.997	0.001
0.893	0.001	0.065	0.041
0.175	0.001	0.823	0.001
0.945	0.001	0.053	0.001
0.001	0.001	0.966	0.032
>TCGGTCCT	14-TCGGTCCT	4.959097	-328.931267	0	T:56814.0(64.51%),B:52778.1(60.34%),P:1e-142	Tpos:498.6,Tstd:278.6,Bpos:501.3,Bstd:298.1,StrandBias:0.0,Multiplicity:1.64
0.124	0.120	0.076	0.680
0.042	0.859	0.031	0.068
0.105	0.093	0.716	0.086
0.066	0.110	0.704	0.120
0.086	0.067	0.037	0.810
0.046	0.708	0.128	0.118
0.120	0.737	0.060	0.083
0.077	0.080	0.054	0.789
>GGGAACGA	15-GGGAACGA	5.998226	-317.360493	0	T:39677.0(45.05%),B:35764.6(40.89%),P:1e-137	Tpos:499.8,Tstd:279.2,Bpos:499.4,Bstd:299.1,StrandBias:-0.0,Multiplicity:1.27
0.033	0.029	0.858	0.080
0.113	0.056	0.741	0.090
0.155	0.098	0.666	0.081
0.733	0.076	0.132	0.059
0.858	0.044	0.074	0.024
0.111	0.569	0.084	0.236
0.135	0.079	0.751	0.035
0.823	0.046	0.054	0.077
>CATCGTCA	16-CATCGTCA	4.644411	-302.621002	0	T:46655.0(52.98%),B:42738.1(48.86%),P:1e-131	Tpos:500.2,Tstd:273.2,Bpos:501.5,Bstd:303.3,StrandBias:-0.0,Multiplicity:1.40
0.116	0.698	0.101	0.085
0.634	0.109	0.143	0.114
0.111	0.171	0.119	0.599
0.062	0.716	0.078	0.144
0.145	0.144	0.576	0.135
0.121	0.111	0.197	0.571
0.096	0.687	0.096	0.121
0.518	0.132	0.203	0.147
>CYGTTTCC	17-CYGTTTCC	5.763118	-286.835747	0	T:47228.0(53.63%),B:43404.4(49.62%),P:1e-124	Tpos:498.8,Tstd:278.9,Bpos:499.3,Bstd:296.7,StrandBias:-0.0,Multiplicity:1.46
0.010	0.567	0.360	0.063
0.117	0.446	0.110	0.327
0.144	0.115	0.609	0.132
0.130	0.016	0.015	0.839
0.070	0.019	0.157	0.754
0.012	0.050	0.158	0.780
0.059	0.626	0.218	0.097
0.329	0.589	0.059	0.023
>ATGCAAGG	18-ATGCAAGG	5.447284	-267.048315	0	T:45285.0(51.42%),B:41600.0(47.56%),P:1e-115	Tpos:501.9,Tstd:276.8,Bpos:499.6,Bstd:300.4,StrandBias:-0.0,Multiplicity:1.32
0.524	0.178	0.093	0.205
0.169	0.118	0.162	0.551
0.031	0.144	0.801	0.024
0.245	0.502	0.127	0.126
0.739	0.199	0.058	0.004
0.609	0.098	0.184	0.109
0.053	0.200	0.548	0.199
0.170	0.077	0.697	0.056
>BTTCGCAN	19-BTTCGCAN	3.966950	-251.484889	0	T:39663.0(45.04%),B:36152.6(41.33%),P:1e-109	Tpos:499.9,Tstd:277.1,Bpos:499.1,Bstd:301.3,StrandBias:0.0,Multiplicity:1.29
0.185	0.362	0.227	0.226
0.153	0.173	0.160	0.514
0.144	0.162	0.143	0.551
0.127	0.562	0.148	0.163
0.194	0.150	0.495	0.161
0.109	0.638	0.147	0.106
0.546	0.125	0.155	0.174
0.207	0.256	0.206	0.331
>CGCATACA	20-CGCATACA	5.943598	-228.435524	0	T:40211.0(45.66%),B:36844.6(42.12%),P:1e-99	Tpos:500.1,Tstd:267.6,Bpos:501.0,Bstd:332.7,StrandBias:-0.1,Multiplicity:2.17
0.066	0.642	0.012	0.280
0.191	0.039	0.688	0.082
0.037	0.867	0.038	0.058
0.812	0.010	0.095	0.083
0.068	0.295	0.082	0.555
0.673	0.017	0.156	0.154
0.047	0.859	0.057	0.037
0.905	0.038	0.032	0.025
>GTGTGTGT	21-GTGTGTGT	5.592328	-177.445948	0	T:52409.0(59.51%),B:49338.8(56.40%),P:1e-77	Tpos:500.4,Tstd:270.2,Bpos:502.1,Bstd:318.8,StrandBias:0.1,Multiplicity:1.68
0.046	0.125	0.798	0.031
0.107	0.058	0.001	0.834
0.038	0.001	0.932	0.029
0.053	0.021	0.001	0.925
0.001	0.001	0.997	0.001
0.061	0.011	0.028	0.900
0.110	0.077	0.771	0.042
0.001	0.001	0.051	0.947
>TCCATTCG	22-TCCATTCG	5.703370	-156.780070	0	T:41543.0(47.17%),B:38695.8(44.24%),P:1e-68	Tpos:499.5,Tstd:280.0,Bpos:500.7,Bstd:299.8,StrandBias:-0.1,Multiplicity:1.49
0.052	0.057	0.038	0.853
0.051	0.752	0.108	0.089
0.080	0.828	0.055	0.037
0.764	0.056	0.106	0.074
0.059	0.229	0.065	0.647
0.056	0.054	0.124	0.766
0.028	0.745	0.053	0.174
0.027	0.304	0.648	0.021
>AATGGAAT	23-AATGGAAT	7.451741	-33.437019	0	T:6690.0(7.60%),B:6052.2(6.92%),P:1e-14	Tpos:496.2,Tstd:284.1,Bpos:494.6,Bstd:310.1,StrandBias:0.3,Multiplicity:4.36
0.997	0.001	0.001	0.001
0.997	0.001	0.001	0.001
0.001	0.029	0.001	0.969
0.001	0.075	0.923	0.001
0.001	0.001	0.997	0.001
0.997	0.001	0.001	0.001
0.997	0.001	0.001	0.001
0.001	0.001	0.001	0.997
>GTCTAGTT	24-GTCTAGTT	8.236954	-26.129047	0	T:1656.0(1.88%),B:1386.9(1.59%),P:1e-11	Tpos:499.2,Tstd:286.9,Bpos:483.9,Bstd:293.9,StrandBias:-0.3,Multiplicity:1.24
0.100	0.100	0.700	0.100
0.100	0.100	0.100	0.700
0.100	0.700	0.100	0.100
0.100	0.100	0.100	0.700
0.700	0.100	0.100	0.100
0.100	0.100	0.700	0.100
0.100	0.100	0.100	0.700
0.100	0.100	0.100	0.700
>CATCATCA	25-CATCATCA	8.679175	-21.246876	0	T:14450.0(16.41%),B:13696.8(15.66%),P:1e-9	Tpos:502.0,Tstd:260.1,Bpos:489.6,Bstd:324.0,StrandBias:0.0,Multiplicity:1.46
0.036	0.943	0.001	0.020
0.989	0.001	0.009	0.001
0.001	0.190	0.001	0.808
0.001	0.962	0.001	0.036
0.985	0.001	0.013	0.001
0.001	0.195	0.001	0.803
0.001	0.954	0.001	0.044
0.834	0.001	0.164	0.001
