>ATTCCATTCG	1-ATTCCATTCG	10.296193	-506.394667	0	T:375.0(0.43%),B:40.8(0.05%),P:1e-219	Tpos:501.3,Tstd:284.1,Bpos:343.9,Bstd:283.1,StrandBias:-0.4,Multiplicity:1.38
0.700	0.100	0.100	0.100
0.100	0.100	0.100	0.700
0.100	0.100	0.100	0.700
0.100	0.700	0.100	0.100
0.100	0.700	0.100	0.100
0.700	0.100	0.100	0.100
0.100	0.100	0.100	0.700
0.100	0.100	0.100	0.700
0.100	0.700	0.100	0.100
0.100	0.100	0.700	0.100
>GCACGGAGAG	2-GCACGGAGAG	6.188546	-423.405044	0	T:45446.0(51.60%),B:40874.5(46.73%),P:1e-183	Tpos:499.5,Tstd:274.9,Bpos:499.5,Bstd:298.1,StrandBias:-0.0,Multiplicity:1.55
0.061	0.077	0.799	0.063
0.069	0.780	0.099	0.052
0.860	0.039	0.030	0.071
0.061	0.722	0.137	0.080
0.127	0.055	0.773	0.045
0.063	0.108	0.769	0.060
0.841	0.041	0.070	0.048
0.077	0.038	0.824	0.061
0.854	0.032	0.062	0.052
0.079	0.074	0.780	0.067
>GACAGCGCTG	3-GACAGCGCTG	4.895969	-290.843146	0	T:44849.0(50.92%),B:41018.3(46.89%),P:1e-126	Tpos:499.9,Tstd:274.2,Bpos:499.9,Bstd:298.5,StrandBias:-0.0,Multiplicity:1.50
0.160	0.135	0.577	0.128
0.578	0.131	0.138	0.153
0.135	0.627	0.117	0.121
0.673	0.122	0.094	0.111
0.137	0.146	0.560	0.157
0.143	0.553	0.134	0.170
0.154	0.145	0.562	0.139
0.161	0.583	0.142	0.114
0.183	0.049	0.125	0.643
0.097	0.132	0.642	0.129
>CCGCTTTGCA	4-CCGCTTTGCA	6.916939	-270.333160	0	T:29791.0(33.83%),B:26432.9(30.22%),P:1e-117	Tpos:499.5,Tstd:276.2,Bpos:500.8,Bstd:297.1,StrandBias:-0.0,Multiplicity:1.22
0.071	0.790	0.062	0.077
0.121	0.723	0.059	0.097
0.111	0.098	0.694	0.097
0.074	0.794	0.051	0.081
0.081	0.045	0.026	0.848
0.036	0.049	0.060	0.855
0.035	0.033	0.071	0.861
0.060	0.065	0.814	0.061
0.098	0.801	0.055	0.046
0.821	0.061	0.062	0.056
>TTCCAACGAA	5-TTCCAACGAA	11.091377	-206.663329	0	T:206.0(0.23%),B:33.1(0.04%),P:1e-89	Tpos:460.2,Tstd:287.9,Bpos:484.3,Bstd:249.0,StrandBias:-1.5,Multiplicity:1.61
0.001	0.001	0.001	0.997
0.001	0.001	0.001	0.997
0.001	0.997	0.001	0.001
0.001	0.932	0.066	0.001
0.971	0.001	0.027	0.001
0.997	0.001	0.001	0.001
0.001	0.997	0.001	0.001
0.001	0.001	0.997	0.001
0.997	0.001	0.001	0.001
0.997	0.001	0.001	0.001
>TTCCATTCCA	6-TTCCATTCCA	12.167593	-205.372817	0	T:891.0(1.01%),B:416.2(0.48%),P:1e-89	Tpos:493.9,Tstd:281.0,Bpos:512.5,Bstd:364.1,StrandBias:-0.2,Multiplicity:16.51
0.001	0.001	0.001	0.997
0.001	0.001	0.001	0.997
0.001	0.997	0.001	0.001
0.001	0.940	0.058	0.001
0.997	0.001	0.001	0.001
0.001	0.001	0.001	0.997
0.001	0.001	0.001	0.997
0.001	0.997	0.001	0.001
0.001	0.798	0.200	0.001
0.997	0.001	0.001	0.001
>CGCTCCAAAT	7-CGCTCCAAAT	11.471548	-197.408125	0	T:238.0(0.27%),B:47.1(0.05%),P:1e-85	Tpos:508.3,Tstd:272.8,Bpos:461.7,Bstd:322.7,StrandBias:-0.8,Multiplicity:1.38
0.001	0.997	0.001	0.001
0.001	0.001	0.997	0.001
0.001	0.897	0.101	0.001
0.001	0.001	0.001	0.997
0.001	0.997	0.001	0.001
0.001	0.928	0.001	0.070
0.997	0.001	0.001	0.001
0.997	0.001	0.001	0.001
0.997	0.001	0.001	0.001
0.001	0.001	0.001	0.997
>ATTCAACTCA	8-ATTCAACTCA	-0.050637	-190.246856	0	T:46773.0(53.11%),B:43611.6(49.86%),P:1e-82	Tpos:499.6,Tstd:281.4,Bpos:501.2,Bstd:299.6,StrandBias:-0.0,Multiplicity:1.50
0.860	0.001	0.138	0.001
0.001	0.001	0.001	0.997
0.050	0.001	0.026	0.923
0.001	0.997	0.001	0.001
0.962	0.034	0.003	0.001
0.997	0.001	0.001	0.001
0.001	0.997	0.001	0.001
0.001	0.001	0.052	0.946
0.001	0.997	0.001	0.001
0.884	0.001	0.084	0.031
>GTGTACGTGA	9-GTGTACGTGA	6.157315	-183.078254	0	T:13673.0(15.53%),B:11642.8(13.31%),P:1e-79	Tpos:499.2,Tstd:262.3,Bpos:503.3,Bstd:328.7,StrandBias:0.0,Multiplicity:1.35
0.102	0.001	0.889	0.008
0.001	0.068	0.001	0.930
0.001	0.018	0.968	0.013
0.037	0.001	0.010	0.952
0.906	0.001	0.037	0.056
0.021	0.920	0.001	0.058
0.032	0.001	0.945	0.022
0.019	0.001	0.009	0.971
0.050	0.012	0.937	0.001
0.599	0.125	0.100	0.176
>TCCATTCSAT	10-TCCATTCSAT	10.003586	-172.584549	0	T:801.0(0.91%),B:385.1(0.44%),P:1e-74	Tpos:506.7,Tstd:287.2,Bpos:509.9,Bstd:303.2,StrandBias:-0.7,Multiplicity:3.09
0.022	0.005	0.013	0.960
0.021	0.873	0.054	0.052
0.054	0.665	0.228	0.053
0.786	0.003	0.184	0.027
0.028	0.064	0.155	0.753
0.006	0.007	0.013	0.974
0.033	0.766	0.024	0.177
0.044	0.483	0.449	0.024
0.858	0.003	0.120	0.019
0.011	0.078	0.028	0.883
>TCCACTTGCA	11-TCCACTTGCA	10.296193	-171.248003	0	T:507.0(0.58%),B:197.1(0.23%),P:1e-74	Tpos:497.5,Tstd:287.2,Bpos:514.3,Bstd:306.6,StrandBias:-0.2,Multiplicity:1.72
0.100	0.100	0.100	0.700
0.100	0.700	0.100	0.100
0.100	0.700	0.100	0.100
0.700	0.100	0.100	0.100
0.100	0.700	0.100	0.100
0.100	0.100	0.100	0.700
0.100	0.100	0.100	0.700
0.100	0.100	0.700	0.100
0.100	0.700	0.100	0.100
0.700	0.100	0.100	0.100
>AGATATTTCC	12-AGATATTTCC	13.801311	-157.036263	0	T:556.0(0.63%),B:237.0(0.27%),P:1e-68	Tpos:504.1,Tstd:287.2,Bpos:480.3,Bstd:296.2,StrandBias:-0.5,Multiplicity:1.54
0.997	0.001	0.001	0.001
0.001	0.001	0.997	0.001
0.997	0.001	0.001	0.001
0.001	0.001	0.001	0.997
0.997	0.001	0.001	0.001
0.001	0.001	0.001	0.997
0.001	0.001	0.001	0.997
0.001	0.001	0.001	0.997
0.001	0.997	0.001	0.001
0.001	0.966	0.032	0.001
>TTCGATTCGA	13-TTCGATTCGA	7.755799	-152.929129	0	T:1399.0(1.59%),B:845.4(0.97%),P:1e-66	Tpos:489.3,Tstd:280.1,Bpos:494.0,Bstd:294.6,StrandBias:-0.7,Multiplicity:1.55
0.136	0.090	0.118	0.656
0.074	0.080	0.084	0.762
0.062	0.718	0.133	0.087
0.080	0.285	0.583	0.052
0.751	0.068	0.085	0.096
0.122	0.123	0.111	0.644
0.072	0.064	0.087	0.777
0.090	0.730	0.081	0.099
0.095	0.222	0.628	0.055
0.750	0.064	0.115	0.071
>AGAGTGTTTC	14-AGAGTGTTTC	10.296193	-150.130000	0	T:521.0(0.59%),B:220.2(0.25%),P:1e-65	Tpos:503.7,Tstd:282.6,Bpos:498.8,Bstd:298.3,StrandBias:-1.0,Multiplicity:1.90
0.700	0.100	0.100	0.100
0.100	0.100	0.700	0.100
0.700	0.100	0.100	0.100
0.100	0.100	0.700	0.100
0.100	0.100	0.100	0.700
0.100	0.100	0.700	0.100
0.100	0.100	0.100	0.700
0.100	0.100	0.100	0.700
0.100	0.100	0.100	0.700
0.100	0.700	0.100	0.100
>AATSGAATCG	15-AATSGAATCG	5.388341	-140.992717	0	T:33502.0(38.04%),B:30927.4(35.36%),P:1e-61	Tpos:499.7,Tstd:282.4,Bpos:500.6,Bstd:297.8,StrandBias:0.1,Multiplicity:1.49
0.563	0.253	0.095	0.089
0.521	0.165	0.109	0.205
0.077	0.217	0.020	0.686
0.069	0.492	0.383	0.057
0.177	0.153	0.576	0.094
0.765	0.163	0.001	0.071
0.608	0.131	0.144	0.117
0.183	0.198	0.044	0.575
0.011	0.535	0.384	0.070
0.108	0.164	0.727	0.001
>GCGTGTATGC	16-GCGTGTATGC	5.512263	-138.183093	0	T:9980.0(11.33%),B:8449.1(9.66%),P:1e-60	Tpos:499.5,Tstd:249.1,Bpos:500.1,Bstd:344.9,StrandBias:0.1,Multiplicity:1.89
0.001	0.001	0.997	0.001
0.001	0.990	0.001	0.008
0.153	0.001	0.657	0.189
0.001	0.001	0.001	0.997
0.001	0.001	0.997	0.001
0.001	0.001	0.001	0.997
0.869	0.001	0.129	0.001
0.001	0.133	0.001	0.865
0.001	0.001	0.997	0.001
0.001	0.616	0.211	0.172
>GATTCTACAA	17-GATTCTACAA	13.626054	-135.236767	0	T:377.0(0.43%),B:142.6(0.16%),P:1e-58	Tpos:494.3,Tstd:291.6,Bpos:487.5,Bstd:299.8,StrandBias:-0.4,Multiplicity:1.65
0.001	0.001	0.997	0.001
0.997	0.001	0.001	0.001
0.001	0.001	0.001	0.997
0.169	0.001	0.001	0.829
0.001	0.997	0.001	0.001
0.001	0.001	0.001	0.997
0.997	0.001	0.001	0.001
0.001	0.997	0.001	0.001
0.975	0.001	0.023	0.001
0.997	0.001	0.001	0.001
>GAAACTTCTT	18-GAAACTTCTT	13.715992	-117.813572	0	T:549.0(0.62%),B:265.1(0.30%),P:1e-51	Tpos:502.2,Tstd:282.4,Bpos:496.6,Bstd:310.6,StrandBias:0.5,Multiplicity:1.52
0.001	0.001	0.997	0.001
0.997	0.001	0.001	0.001
0.997	0.001	0.001	0.001
0.997	0.001	0.001	0.001
0.001	0.997	0.001	0.001
0.001	0.001	0.001	0.997
0.111	0.001	0.001	0.887
0.001	0.997	0.001	0.001
0.001	0.001	0.001	0.997
0.001	0.001	0.001	0.997
>ACACAMCACA	19-ACACAMCACA	10.191124	-115.748515	0	T:2883.0(3.27%),B:2146.4(2.45%),P:1e-50	Tpos:500.4,Tstd:255.8,Bpos:513.9,Bstd:393.8,StrandBias:-0.1,Multiplicity:2.91
0.925	0.003	0.051	0.021
0.061	0.834	0.013	0.092
0.937	0.003	0.038	0.022
0.049	0.834	0.028	0.089
0.619	0.252	0.026	0.103
0.463	0.376	0.026	0.134
0.086	0.755	0.006	0.153
0.908	0.020	0.046	0.026
0.009	0.817	0.024	0.150
0.908	0.030	0.043	0.019
>AAAACTGCTC	20-AAAACTGCTC	13.706932	-109.211848	0	T:586.0(0.67%),B:300.0(0.34%),P:1e-47	Tpos:495.7,Tstd:285.0,Bpos:511.4,Bstd:287.8,StrandBias:-0.6,Multiplicity:1.56
0.997	0.001	0.001	0.001
0.997	0.001	0.001	0.001
0.997	0.001	0.001	0.001
0.879	0.119	0.001	0.001
0.001	0.997	0.001	0.001
0.001	0.001	0.001	0.997
0.001	0.001	0.997	0.001
0.001	0.997	0.001	0.001
0.001	0.001	0.001	0.997
0.001	0.997	0.001	0.001
>AAAACTAGAC	21-AAAACTAGAC	10.296193	-101.212089	0	T:430.0(0.49%),B:200.7(0.23%),P:1e-43	Tpos:497.4,Tstd:279.3,Bpos:486.1,Bstd:294.9,StrandBias:0.9,Multiplicity:1.70
0.700	0.100	0.100	0.100
0.700	0.100	0.100	0.100
0.700	0.100	0.100	0.100
0.700	0.100	0.100	0.100
0.100	0.700	0.100	0.100
0.100	0.100	0.100	0.700
0.700	0.100	0.100	0.100
0.100	0.100	0.700	0.100
0.700	0.100	0.100	0.100
0.100	0.700	0.100	0.100
>GAAKSMTTCT	22-GAAKSMTTCT	11.799719	-93.626906	0	T:936.0(1.06%),B:580.3(0.66%),P:1e-40	Tpos:498.9,Tstd:278.1,Bpos:491.1,Bstd:304.9,StrandBias:-0.4,Multiplicity:1.54
0.001	0.001	0.997	0.001
0.997	0.001	0.001	0.001
0.997	0.001	0.001	0.001
0.001	0.001	0.468	0.530
0.001	0.488	0.510	0.001
0.518	0.480	0.001	0.001
0.001	0.001	0.001	0.997
0.001	0.001	0.001	0.997
0.001	0.997	0.001	0.001
0.001	0.001	0.001	0.997
>ATTCCATTCC	23-ATTCCATTCC	9.436132	-76.012383	0	T:1829.0(2.08%),B:1355.8(1.55%),P:1e-33	Tpos:496.7,Tstd:281.0,Bpos:481.7,Bstd:299.6,StrandBias:-0.3,Multiplicity:1.77
0.838	0.001	0.160	0.001
0.001	0.134	0.067	0.798
0.043	0.001	0.068	0.888
0.039	0.737	0.097	0.127
0.086	0.641	0.233	0.040
0.673	0.003	0.263	0.061
0.032	0.174	0.170	0.624
0.017	0.020	0.011	0.952
0.058	0.863	0.012	0.067
0.126	0.534	0.316	0.024
>CATCATCATC	24-CATCATCATC	9.434949	-62.873337	0	T:7270.0(8.25%),B:6368.6(7.28%),P:1e-27	Tpos:502.3,Tstd:251.7,Bpos:492.6,Bstd:328.3,StrandBias:0.0,Multiplicity:1.57
0.001	0.716	0.001	0.282
0.997	0.001	0.001	0.001
0.001	0.388	0.001	0.610
0.001	0.837	0.001	0.161
0.997	0.001	0.001	0.001
0.001	0.412	0.001	0.586
0.001	0.761	0.001	0.237
0.997	0.001	0.001	0.001
0.001	0.198	0.001	0.800
0.001	0.683	0.001	0.315
>TGATGATGAT	25-TGATGATGAT	11.457214	-61.816019	0	T:910.0(1.03%),B:618.6(0.71%),P:1e-26	Tpos:507.9,Tstd:254.9,Bpos:420.8,Bstd:357.8,StrandBias:0.1,Multiplicity:1.96
0.042	0.085	0.032	0.841
0.113	0.009	0.859	0.019
0.582	0.020	0.367	0.031
0.016	0.067	0.050	0.867
0.080	0.004	0.903	0.013
0.646	0.019	0.330	0.005
0.013	0.032	0.014	0.941
0.084	0.011	0.881	0.024
0.549	0.025	0.374	0.052
0.020	0.029	0.019	0.932
