>MTCGAATGGAAT	16-MTCGAATGGAAT	9.303908	-352.979479	0	T:1211.0(5.64%),B:666.4(2.41%),P:1e-153
0.421	0.437	0.076	0.066
0.046	0.052	0.022	0.880
0.090	0.453	0.300	0.158
0.262	0.055	0.616	0.067
0.769	0.024	0.174	0.033
0.856	0.033	0.073	0.038
0.070	0.035	0.039	0.856
0.059	0.021	0.889	0.031
0.047	0.090	0.814	0.049
0.900	0.033	0.039	0.028
0.807	0.083	0.061	0.049
0.214	0.035	0.027	0.724
