>AATGGAATGGAA	7-AATGGAATGGAA	12.344748	-779.272428	0	T:275.0(1.28%),B:8.4(0.03%),P:1e-338
0.896	0.056	0.018	0.030
0.772	0.098	0.088	0.042
0.076	0.062	0.015	0.847
0.053	0.168	0.640	0.139
0.095	0.047	0.779	0.079
0.939	0.016	0.025	0.020
0.722	0.171	0.057	0.050
0.068	0.031	0.018	0.883
0.074	0.229	0.618	0.079
0.096	0.124	0.714	0.066
0.943	0.015	0.016	0.026
0.717	0.195	0.041	0.047
