>GCATTCTCAGAT	6-ATCTGAGAATGC	12.089250	-875.084320	0	T:590.0(2.75%),B:71.1(0.26%),P:1e-380
0.031	0.317	0.638	0.014
0.023	0.896	0.059	0.022
0.595	0.020	0.359	0.026
0.071	0.029	0.301	0.599
0.084	0.023	0.039	0.854
0.082	0.858	0.042	0.018
0.019	0.033	0.044	0.904
0.020	0.653	0.305	0.022
0.918	0.031	0.031	0.020
0.036	0.049	0.889	0.026
0.890	0.041	0.024	0.045
0.307	0.082	0.023	0.588
