>TTCCATTCSATT	19-TTCCATTCSATT	11.179145	-209.310276	0	T:322.0(1.50%),B:105.0(0.38%),P:1e-90
0.053	0.036	0.080	0.831
0.014	0.019	0.022	0.945
0.059	0.752	0.070	0.119
0.088	0.529	0.297	0.086
0.839	0.025	0.041	0.095
0.068	0.036	0.140	0.756
0.028	0.016	0.022	0.934
0.056	0.784	0.086	0.074
0.096	0.479	0.339	0.086
0.879	0.029	0.044	0.048
0.063	0.030	0.130	0.777
0.028	0.015	0.092	0.865
