>GGGSGGCTGACC	21-GGGSGGCTGACC	11.600512	-122.082308	0	T:315.0(1.47%),B:149.0(0.54%),P:1e-53
0.150	0.068	0.694	0.088
0.100	0.067	0.756	0.077
0.181	0.113	0.636	0.070
0.029	0.307	0.453	0.211
0.151	0.113	0.618	0.118
0.058	0.123	0.747	0.072
0.045	0.800	0.086	0.069
0.074	0.144	0.054	0.728
0.005	0.038	0.862	0.095
0.539	0.030	0.272	0.159
0.092	0.591	0.075	0.242
0.138	0.583	0.094	0.185
